id,position
7,66.3409034113
14,65.6954598231
21,67.3116682548
28,37.3665381224
35,76.1058623783
42,66.8262858331
49,88.0213182491
56,61.6488733345
63,61.6488733345
70,61.6488733345
77,120.867261761
84,120.867261761
91,76.5339342679
98,76.5339342679
105,71.1947276287
112,71.1947276287
119,71.1947276287
126,71.1947276287
133,99.0233198085
140,89.962847936
147,99.1851139491
154,108.407379962
161,81.873140907
168,81.7113467664
175,103.553555745
182,103.553555745
189,103.553555745
196,87.2123475462
203,56.1478725548
210,102.906379182
217,92.2279659041
224,81.0641702041
231,81.0641702041
238,81.0641702041
245,98.052554965
252,98.052554965
259,96.7582018404
266,96.7582018404
273,82.5203174693
280,99.1851139491
287,99.1851139491
294,99.1851139491
301,99.1851139491
308,90.4482303578
315,95.3020545752
322,84.6236412969
329,81.3877584853
336,81.3877584853
343,56.1478725548
350,56.1478725548
357,56.1478725548
364,56.1478725548
371,74.2688162998
378,82.8439057505
385,72.8677820804
392,72.8677820804
399,105.00970301
406,91.904377623
413,91.904377623
420,95.6273758304
427,89.8027867695
434,89.8027867695
441,107.274820978
448,72.1654924722
455,72.1654924722
462,122.646997307
469,122.646997307
476,109.865260201
483,97.0817901215
490,97.8907608244
497,98.3761432462
504,117.144263553
511,136.397766282
518,136.397766282
525,136.397766282
532,77.3429049708
539,108.245585822
546,109.539938946
553,109.539938946
560,109.539938946
567,110.490467424
574,129.602412378
581,111.966851055
588,134.294442455
595,134.294442455
602,136.235972142
609,143.031326046
616,107.436615119
623,118.115028397
630,112.290439336
637,109.216350665
644,105.496818406
651,99.8322905114
658,99.8322905114
665,89.4774655143
672,120.056558084
679,133.647265893
686,55.6624901331
693,55.6624901331
700,121.350911209
707,121.350911209
714,121.350911209
721,139.633649094
728,146.429002998
735,106.304056135
742,106.304056135
749,106.304056135
756,110.996086211
763,107.274820978
770,107.274820978
777,111.966851055
784,111.966851055
791,111.966851055
798,119.894763943
805,98.4334537783
812,98.4334537783
819,147.885150264
826,147.885150264
833,147.885150264
840,111.538779165
847,107.113026837
854,107.113026837
861,105.980467853
868,108.407379962
875,108.407379962
882,110.67249793
889,110.67249793
896,115.688116288
903,143.031326046
910,126.204735426
917,126.204735426
924,161.961240494
931,109.216350665
938,97.7289666839
945,97.7289666839
952,115.202733866
959,105.616317218
966,149.341297529
973,149.341297529
980,85.1090237186
987,105.00970301
994,105.00970301
1001,105.00970301
1008,104.038938166
1015,126.366529567
1022,126.042941285
1029,126.042941285
1036,129.440618238
1043,132.83829519
1050,116.335292851
1057,154.518710027
1064,116.17349871
1071,116.497086991
1078,116.982469413
1085,117.306057694
1092,117.306057694
1099,116.011704569
1106,117.144263553
1113,72.650874894
1120,65.693726849
1127,57.60401982
1134,57.60401982
1141,57.60401982
1148,115.204466841
1155,83.3292881722
1162,72.4890807534
1169,76.3721401273
1176,97.2435842621
1183,72.8126690345
1190,97.0817901215
1197,112.290439336
1204,73.4598455969
1211,72.652607868
1218,43.2043413084
1225,43.2043413084
1232,43.2043413084
1239,72.650874894
1246,78.799052236
1253,84.7854354375
1260,72.9744631751
1267,84.3000530157
1274,61.6488733345
1281,61.3252850534
1288,61.3252850534
1295,61.3252850534
1302,61.3252850534
1309,58.2511963823
1316,81.873140907
1323,81.873140907
1330,83.0630104232
1337,94.4930838722
1344,121.83629363
1351,98.3761432462
1358,79.6080229389
1365,68.1206389577
1372,69.2329615758
1379,91.5807893418
1386,87.6977299679
1393,101.773820198
1400,82.8439057505
1407,75.4013752838
1414,84.4618471563
1421,84.4618471563
1428,84.4618471563
1435,96.919995981
1442,96.919995981
1449,92.2279659041
1456,102.582790901
1463,93.5223190288
1470,93.5223190288
1477,80.0934053606
1484,86.7269651244
1491,80.5787877824
1498,87.8595241085
1505,73.783433878
1512,87.6977299679
1519,87.6977299679
1526,76.2103459867
1533,76.2103459867
1540,72.9744631751
1547,109.54167192
1554,81.2259643447
1561,81.2259643447
1568,81.2259643447
1575,81.2259643447
1582,81.2259643447
1589,84.7854354375
1596,99.994084652
1603,90.7718186389
1610,106.142261994
1617,117.306057694
1624,111.319674493
1631,82.0349350476
1638,92.0661717636
1645,92.0661717636
1652,81.7130797405
1659,72.9744631751
1666,113.26120418
1673,143.840296749
1680,143.840296749
1687,106.789438556
1694,118.115028397
1701,118.115028397
1708,118.115028397
1715,90.0179609819
1722,90.0179609819
1729,90.0179609819
1736,137.368531126
1743,131.705736206
1750,95.7874369969
1757,124.748588161
1764,125.881147145
1771,156.783827996
1778,112.453966451
1785,127.984470972
1792,96.2728194186
1799,110.187115509
1806,103.393494578
1813,98.3761432462
1820,98.3761432462
1827,99.1851139491
1834,108.569174103
1841,104.362526448
1848,95.1953734805
1855,95.1953734805
1862,107.598409259
1869,105.818673713
1876,102.906379182
1883,102.906379182
1890,102.906379182
1897,102.906379182
1904,114.070174882
1911,114.070174882
1918,114.070174882
1925,114.070174882
1932,-114.070174882
1939,114.070174882
1946,114.070174882
1953,92.7133483259
1960,68.76781552
1967,68.76781552
1974,109.378144806
1981,103.877144026
1988,103.877144026
1995,127.660882691
2002,127.660882691
2009,113.908380742
2016,98.8615256679
2023,93.6841131694
2030,106.789438556
2037,113.099410039
2044,108.892762384
2051,104.847908869
2058,94.4930838722
2065,112.452233477
2072,109.539938946
2079,-109.539938946
2086,104.686114729
2093,115.364528007
2100,98.2160820796
2107,129.764206519
2114,102.09740848
2121,102.09740848
2128,110.67249793
2135,98.8615256679
2142,106.789438556
2149,102.25920262
2156,105.171497151
2163,110.834292071
2170,110.834292071
2177,110.834292071
2184,108.083791681
2191,108.083791681
2198,108.083791681
2205,119.247587381
2212,138.177501829
2219,138.177501829
2226,130.896765503
2233,122.807058474
2240,117.467851835
2247,110.67249793
2254,110.67249793
2261,149.341297529
2268,109.539938946
2275,109.378144806
2282,108.569174103
2289,108.569174103
2296,108.083791681
2303,115.688116288
2310,124.101411598
2317,128.308059253
2324,130.411383081
2331,123.292440895
2338,123.292440895
2345,127.822676832
2352,127.822676832
2359,129.926000659
2366,129.926000659
2373,148.208738545
2380,117.306057694
2387,115.526322148
2394,117.144263553
2401,117.144263553
2408,77.1811108302
2415,79.2844346577
2422,132.569819954
2429,79.4462287983
2436,87.3741416867
2443,92.5515541853
2450,90.7718186389
2457,82.3585233288
2464,124.101411598
2471,128.308059253
2478,120.865528787
2485,134.132648314
2492,134.132648314
2499,111.319674493
2506,84.7854354375
2513,111.966851055
2520,102.744585042
2527,131.543942065
2534,104.524320588
2541,112.937615898
2548,111.481468633
2555,77.8834004384
2562,103.770462931
2569,77.2362238761
2576,77.2362238761
2583,48.760455134
2590,74.162135205
2597,55.7176031789
2604,55.7176031789
2611,52.9671027891
2618,67.6903695819
2625,69.1465168471
2632,57.1737504441
2639,57.1737504441
2646,83.060812937
2653,74.0003410645
2660,66.5578105978
2667,92.6066672312
2674,49.4076316963
2681,45.3627781818
2688,67.8521637224
2695,67.8521637224
2702,90.6651375442
2709,101.667139104
2716,119.464494567
2723,119.464494567
2730,63.4837219268
2737,59.6006625529
2744,64.2926926297
2751,74.8093117674
2758,83.5461953587
2765,76.7508414543
2772,93.7392262152
2779,70.6026641123
2786,75.9418707514
2793,75.9418707514
2800,75.9418707514
2807,85.1641367645
2814,100.53458012
2821,70.6026641123
2828,90.3415492631
2835,99.7256094167
2842,166.870177757
2849,113.801699647
2856,106.35916918
2863,113.316317225
2870,113.316317225
2877,113.316317225
2884,123.671142223
2891,123.671142223
2898,89.208990279
2905,126.421642612
2912,126.421642612
2919,71.1744912627
2926,85.3259309051
2933,85.3259309051
2940,85.3259309051
2947,86.7820781703
2954,88.8854019978
2961,95.5189617616
2968,95.5189617616
2975,95.5189617616
2982,95.5189617616
2989,96.0043441833
2996,84.8405484833
3003,107.168139883
3010,98.9166387138
3017,95.0335793399
3024,95.0335793399
3031,120.27346527
3038,119.464494567
3045,123.671142223
3052,93.3622578622
3059,93.3622578622
3066,93.3622578622
3073,93.3622578622
3080,107.168139883
3087,57.0119563036
3094,53.6142793514
3101,114.555557304
3108,120.220085199
3115,120.220085199
3122,121.352644183
3129,105.228807683
3136,151.823322683
3143,151.823322683
3150,79.0159594224
3157,115.528055122
3164,105.496818406
3171,89.0493936247
3178,120.058291058
3185,68.8229285659
3192,69.3083109876
3199,68.6611344253
3206,68.6611344253
3213,68.6611344253
3220,68.6611344253
3227,76.103664892
3234,100.860365887
3241,81.6046656717
3248,95.6807559022
3255,95.6807559022
3262,82.8990187964
3269,82.8990187964
3276,82.8990187964
3283,82.8990187964
3290,77.7216062978
3297,77.7216062978
3304,76.5890473138
3311,87.2696580783
3318,87.2696580783
3325,113.156720571
3332,122.970585588
3339,77.0744297355
3346,104.202465281
3353,138.232614875
3360,120.380146365
3367,122.808791448
3374,122.808791448
3381,107.977110586
3388,124.641907066
3395,107.17033737
3402,107.17033737
3409,107.17033737
3416,107.17033737
3423,107.17033737
3430,107.17033737
3437,107.17033737
3444,107.17033737
3451,107.17033737
3458,107.17033737
3465,123.511545568
3472,90.9887258254
3479,124.42499988
3486,105.820406687
3493,130.896765503
3500,155.005825423
3507,95.0335793399
3514,96.9751090268
3521,96.8133148863
3528,92.7684613717
3535,92.7684613717
3542,153.226089877
3549,81.8748738811
3556,134.349555501
3563,134.349555501
3570,96.3279324645
3577,96.3279324645
3584,96.3279324645
3591,118.655523865
3598,162.663530102
3605,114.774661977
3612,159.751235572
3619,159.751235572
3626,128.365369786
3633,134.673143782
3640,134.673143782
3647,134.673143782
3654,134.673143782
3661,134.673143782
3668,106.682757462
3675,114.774661977
3682,114.774661977
3689,114.774661977
3696,106.143994968
3703,121.893604162
3710,98.1737867514
3717,155.005825423
3724,101.081180101
3731,108.786081289
3738,119.140906286
3745,160.506826203
3752,160.506826203
3759,160.990475651
3766,133.866370565
3773,89.4642513892
3780,89.4642513892
3787,58.4681035688
3794,75.4564883297
3801,118.979112146
3808,76.0030883108
3815,60.8950156775
3822,86.890492239
3829,108.302896354
3836,57.3355445847
3843,139.958970349
3850,68.6611344253
3857,151.282827216
3864,151.282827216
3871,71.088046534
3878,77.668226226
3885,77.668226226
3892,71.5734289558
3899,40.3471598238
3906,93.5774320747
3913,87.8445107411
3920,128.147998087
3927,83.8697836398
3934,83.8697836398
3941,83.8697836398
3948,83.8697836398
3955,83.8697836398
3962,83.8697836398
3969,70.6026641123
3976,115.421838539
3983,76.4272531732
3990,68.3375461442
3997,95.261492221
4004,141.41338464
4011,114.61067035
4018,88.8854019978
4025,128.147998087
4032,77.8834004384
4039,88.8854019978
4046,81.4428715312
4053,81.4428715312
4060,81.4428715312
4067,81.4428715312
4074,83.6123140992
4081,85.5538437862
4088,78.3687828601
4095,78.3687828601
4102,68.6611344253
4109,76.9126355949
4116,130.898498477
4123,96.1661383239
4130,129.65972291
4137,60.8950156775
4144,92.4448730906
4151,120.205138099
4158,87.5910488732
4165,87.5910488732
4172,87.5910488732
4179,87.5910488732
4186,87.5910488732
4193,87.5910488732
4200,124.426732854
4207,113.154523085
4214,113.154523085
4221,87.9146371543
4228,87.9146371543
4235,87.9146371543
4242,171.994210184
4249,73.6767527833
4256,148.5340598
4263,117.79317309
4270,134.943351991
4277,134.943351991
4284,134.943351991
4291,96.4897266051
4298,66.2342223166
4305,106.844551602
4312,148.5340598
4319,128.147998087
4326,128.147998087
4333,122.376789098
4340,133.972587148
4347,133.972587148
4354,111.69837582
4361,127.015439103
4368,166.331415264
4375,104.903021915
4382,100.049197698
4389,129.11876293
4396,144.651000426
4403,153.549678158
4410,160.021443781
4417,90.9887258254
4424,115.905023475
4431,148.695853941
4438,118.170141443
4445,113.478111366
4452,80.6339008282
4459,87.7528430138
4466,87.7528430138
4473,90.1797551225
4480,71.2498406746
4487,71.2498406746
4494,71.2498406746
4501,71.2498406746
4508,71.2498406746
4515,71.2498406746
4522,82.5754305152
4529,105.550198478
4536,118.008347302
4543,118.008347302
4550,118.008347302
4557,108.786081289
4564,108.786081289
4571,94.0628144964
4578,94.0628144964
4585,97.298697308
4592,96.1661383239
4599,97.9458738703
4606,100.69637426
4613,129.657525424
4620,95.8425500428
4627,137.34829476
4634,113.639905507
4641,108.624287149
4648,108.624287149
4655,159.427647291
4662,117.52296488
4669,113.154523085
4676,43.8365045033
4683,165.414030492
4690,165.414030492
4697,146.645910185
4704,146.645910185
4711,50.8659764478
4718,162.663530102
4725,90.6651375442
4732,90.6651375442
4739,113.639905507
4746,92.28307895
4753,106.844551602
4760,106.844551602
4767,106.844551602
4774,94.0628144964
4781,105.550198478
4788,105.550198478
4795,105.550198478
4802,105.550198478
4809,26.6863256019
4816,116.875788318
4823,116.875788318
4830,116.875788318
4837,116.875788318
4844,120.11167113
4851,63.5921359955
4858,112.830934804
4865,113.639905507
4872,115.096052772
4879,118.602143793
4886,118.602143793
4893,123.02396566
4900,123.02396566
4907,137.102253377
4914,137.102253377
4921,118.493729724
4928,118.493729724
4935,118.493729724
4942,152.794087527
4949,148.425645731
4956,131.43726097
4963,131.43726097
4970,131.43726097
4977,131.43726097
4984,131.43726097
4991,97.7840797297
4998,51.1873672427
5005,31.9338645137
5012,52.4817203673
5019,52.4817203673
5026,52.4817203673
5033,52.4817203673
5040,52.4817203673
5047,52.4817203673
5054,52.4817203673
5061,74.9711059079
5068,31.9999832542
5075,51.6727496644
5082,40.5089539644
5089,61.8124004491
5096,58.7916918499
5103,61.8124004491
5110,47.559568979
5117,80.6339008282
5124,80.6339008282
5131,60.5180473245
5138,60.5714273963
5145,49.2458375557
5152,49.2458375557
5159,62.6747512239
5166,74.0003410645
5173,74.6475176268
5180,86.7842756565
5187,49.6628928065
5194,51.834543805
5201,77.0744297355
5208,77.0744297355
5215,84.0315777804
5222,72.2206055181
5229,102.961492228
5236,59.4388684123
5243,76.9126355949
5250,90.829129171
5257,81.7664598123
5264,59.1174776174
5271,79.5013418442
5278,55.2344182434
5285,78.8541652819
5292,78.8541652819
5299,74.3239293456
5306,74.3239293456
5313,61.1652238868
5320,71.2498406746
5327,78.5305770007
5334,78.5305770007
5341,102.961492228
5348,102.961492228
5355,70.6026641123
5362,137.206736985
5369,119.464494567
5376,119.464494567
5383,120.597053552
5390,112.183758241
5397,112.183758241
5404,112.183758241
5411,112.183758241
5418,108.462493008
5425,108.462493008
5432,108.462493008
5439,107.168139883
5446,119.140906286
5453,119.140906286
5460,119.140906286
5467,119.140906286
5474,112.992728944
5481,112.992728944
5488,112.669140663
5495,143.516708468
5502,116.228611756
5509,99.8340234854
5516,99.8340234854
5523,99.8340234854
5530,115.528055122
5537,115.528055122
5544,115.528055122
5551,115.528055122
5558,115.528055122
5565,105.00970301
5572,96.0043441833
5579,99.8896010435
5586,99.8896010435
5593,99.994084652
5600,99.8896010435
5607,94.3864027775
5614,95.357167621
5621,112.29217231
5628,45.2622016006
5635,115.204466841
5642,139.041585578
5649,139.041585578
5656,139.041585578
5663,106.465850275
5670,111.86016996
5677,90.5055408899
5684,98.9166387138
5691,111.212993398
5698,103.44687465
5705,101.990727385
5712,106.627644416
5719,71.088046534
5726,109.218083639
5733,122.970585588
5740,91.7976965283
5747,99.8340234854
5754,124.156524644
5761,124.156524644
5768,108.786081289
5775,109.01399417
5782,66.7808222977
5789,66.7808222977
5796,84.0337752667
5803,84.0337752667
5810,105.982200827
5817,105.982200827
5824,119.788082849
5831,116.228611756
5838,85.8113133268
5845,85.8113133268
5852,85.8113133268
5859,86.4584898891
5866,87.3758746608
5873,87.3758746608
5880,87.3758746608
5887,87.3758746608
5894,102.637903947
5901,102.637903947
5908,102.637903947
5915,82.156166834
5922,82.156166834
5929,98.2143491056
5936,98.2143491056
5943,100.049197698
5950,125.127289488
5957,92.0661717636
5964,92.0661717636
5971,111.053396744
5978,154.573823073
5985,106.523160807
5992,106.523160807
5999,97.7306996579
6006,83.8697836398
6013,80.4721066877
6020,83.8697836398
6027,110.350642623
6034,114.772464491
6041,114.071907856
6048,119.949876989
6055,116.390405896
6062,117.36117074
6069,109.918640273
6076,114.772464491
6083,102.801895574
6090,94.712188545
6097,133.378790657
6104,76.5890473138
6111,107.008543229
6118,87.0522863796
6125,88.5640112029
6132,79.9867242659
6139,91.7998940145
6146,84.680951829
6153,85.4343449738
6160,85.4343449738
6167,90.6673350304
6174,103.608668791
6181,50.6486047491
6188,50.6486047491
6195,96.4363465333
6202,84.8427459696
6209,84.8427459696
6216,108.247318796
6223,72.4908137274
6230,88.4022170623
6237,98.863258642
6244,94.0628144964
6251,77.8300203666
6258,77.8300203666
6265,91.7976965283
6272,87.3758746608
6279,69.4167250564
6286,101.345748309
6293,83.3865987044
6300,121.514438323
6307,121.514438323
6314,121.514438323
6321,103.878877
6328,103.878877
6335,105.820406687
6342,105.820406687
6349,73.5810773832
6356,112.509544009
6363,112.509544009
6370,119.087526214
6377,119.087526214
6384,129.440618238
6391,129.440618238
6398,129.440618238
6405,121.514438323
6412,121.514438323
6419,114.880878559
6426,103.287277996
6433,71.6818430245
6440,71.6818430245
6447,71.6818430245
6454,71.6818430245
6461,99.5104352043
6468,97.0835230956
6475,112.777554732
6482,69.0931367752
6489,82.0922455797
6496,86.7286980985
6503,86.7286980985
6510,94.3330227057
6517,82.8456387245
6524,82.8456387245
6531,75.8884906796
6538,126.530056681
6545,86.2415827027
6552,82.3179609746
6559,105.173230125
6566,87.9168346406
6573,88.3466395043
6580,88.3466395043
6587,104.524320588
6594,92.8768754405
6601,92.8768754405
6608,84.3017859898
6615,99.1868469231
6622,72.9761961492
6629,72.9761961492
6636,72.9761961492
6643,65.9718515948
6650,99.1868469231
6657,106.465850275
6664,97.6244830754
6671,77.9446179977
6678,94.1712285651
6685,94.1712285651
6692,94.1712285651
6699,94.1712285651
6706,84.6253742709
6713,66.9898129477
6720,81.3894914593
6727,81.3894914593
6734,81.3894914593
6741,81.3894914593
6748,81.3894914593
6755,72.1672254463
6762,93.847640284
6769,93.847640284
6776,93.847640284
6783,88.5084336448
6790,74.3900480861
6797,100.157611767
6804,100.157611767
6811,88.5640112029
6818,91.4207281753
6825,60.6326449557
6832,90.0201584681
6839,90.0201584681
6846,70.1784992499
6853,82.1984621622
6860,89.6943727007
6867,89.6943727007
6874,86.0815215361
6881,96.2745523927
6888,111.806789888
6895,69.0931367752
6902,98.2160820796
6909,96.7599348144
6916,112.615760591
6923,62.44283067
6930,62.44283067
6937,87.2140805202
6944,55.4552324571
6951,115.204466841
6958,115.204466841
6965,115.204466841
6972,99.6704963708
6979,124.264938713
6986,88.1848453637
6993,67.1348607469
7000,104.743425261
7007,92.3914930188
7014,121.352644183
7021,107.276553952
7028,107.276553952
7035,107.276553952
7042,107.276553952
7049,107.276553952
7056,97.0835230956
7063,119.249320355
7070,124.264938713
7077,124.264938713
7084,100.481200048
7091,100.481200048
7098,100.481200048
7105,100.481200048
7112,106.305789109
7119,106.305789109
7126,106.305789109
7133,106.305789109
7140,145.459971129
7147,145.459971129
7154,145.459971129
7161,145.459971129
7168,145.459971129
7175,93.4178354203
7182,106.304056135
7189,116.984202387
7196,119.087526214
7203,119.087526214
7210,132.678234023
7217,152.740707455
7224,84.0927953398
7231,67.1044105789
7238,153.873266439
7245,105.820406687
7252,93.6841131694
7259,96.8155123725
7266,63.0644582455
7273,118.763937933
7280,113.262937154
7287,99.8340234854
7294,104.526053562
7301,101.451964891
7308,107.438348093
7315,101.12837661
7322,85.1107566927
7329,104.687847703
7336,106.79117153
7343,110.512436764
7350,108.570907077
7357,112.29217231
7364,107.438348093
7371,135.590528554
7378,76.3266765919
7385,76.3266765919
7392,171.023445341
7399,116.984202387
7406,119.572908636
7413,119.572908636
7420,145.459971129
7427,114.071907856
7434,115.204466841
7441,115.204466841
7448,115.204466841
7455,115.204466841
7462,115.204466841
7469,104.526053562
7476,91.6380998739
7483,109.865260201
7490,109.865260201
7497,111.321407467
7504,100.213189325
7511,112.13037817
7518,133.648998867
7525,78.3709803464
7532,103.287277996
7539,123.941350432
7546,66.8112724657
7553,140.12076449
7560,91.3145115928
7567,107.600142233
7574,98.0542879391
7581,97.5689055173
7588,108.247318796
7595,100.481200048
7602,100.481200048
7609,100.481200048
7616,100.481200048
7623,100.481200048
7630,100.481200048
7637,108.786081289
7644,94.156281466
7651,133.972587148
7658,133.972587148
7665,126.368262541
7672,126.368262541
7679,126.368262541
7686,126.368262541
7693,126.368262541
7700,126.368262541
7707,136.561293397
7714,121.514438323
7721,121.514438323
7728,121.514438323
7735,110.027054342
7742,126.18449906
7749,107.438348093
7756,123.29417387
7763,123.29417387
7770,136.399499257
7777,136.399499257
7784,136.399499257
7791,119.572908636
7798,104.364259422
7805,117.469584809
7812,113.262937154
7819,113.262937154
7826,113.262937154
7833,113.262937154
7840,89.3174043477
7847,119.734702777
7854,111.159613326
7861,111.159613326
7868,111.159613326
7875,105.335024265
7882,130.574910196
7889,130.574910196
7896,130.574910196
7903,130.574910196
7910,127.718193223
7917,126.853644962
7924,112.939348872
7931,135.266940272
7938,65.2100774013
7945,65.2100774013
7952,65.2100774013
7959,65.2100774013
7966,65.2100774013
7973,134.61976371
7980,62.1359887303
7987,124.912115275
7994,79.7715500535
8001,67.7987836506
8008,121.891406676
8015,50.8103988897
8022,50.8103988897
8029,65.8572539636
8036,118.49592721
8043,82.3602563028
8050,34.4691906911
8057,96.2745523927
8064,150.473856513
8071,64.7079486382
8078,64.7079486382
8085,68.6077543535
8092,68.6077543535
8099,68.6077543535
8106,139.690959626
8113,72.3290195868
8120,83.1692270057
8127,66.504430526
8134,66.504430526
8141,66.504430526
8148,104.802445334
8155,156.355756106
8162,156.355756106
8169,67.3134012289
8176,68.9313426347
8183,68.9313426347
8190,79.4479617724
8197,118.116761371
8204,83.3310211463
8211,67.63698951
8218,67.63698951
8225,57.7675469346
8232,76.0502848202
8239,79.7715500535
8246,79.7715500535
8253,142.765048297
8260,142.765048297
8267,112.29217231
8274,86.2433156767
8281,66.504430526
8288,96.2745523927
8295,110.172102141
8302,91.4207281753
8309,108.894495358
8316,90.7263551036
8323,107.923730514
8330,146.430735972
8337,119.896496917
8344,55.1788406854
8351,102.746318016
8358,77.6514798846
8365,84.3017859898
8372,99.6722293449
8379,99.6722293449
8386,111.319674493
8393,87.8612570825
8400,74.1087551332
8407,94.3330227057
8414,110.997819185
8421,123.941350432
8428,135.752322694
8435,121.190850042
8442,121.190850042
8449,121.190850042
8456,121.190850042
8463,121.190850042
8470,121.190850042
8477,121.190850042
8484,110.674230904
8491,110.674230904
8498,110.836025045
8505,94.4780705049
8512,110.350642623
8519,96.5981406738
8526,76.0502848202
8533,103.555288719
8540,72.3290195868
8547,166.816797686
8554,108.407379962
8561,131.200117423
8568,75.726696539
8575,75.726696539
8582,69.578519197
8589,92.7150812999
8596,126.74742838
8603,102.908112156
8610,102.908112156
8617,116.230809242
8624,97.7306996579
8631,102.640101433
8638,102.640101433
8645,110.188848483
8652,110.188848483
8659,110.188848483
8666,111.483201607
8673,129.278824097
8680,170.536329945
8687,170.536329945
8694,170.536329945
8701,170.536329945
8708,96.7599348144
8715,90.2881691912
8722,83.1692270057
8729,83.1692270057
8736,88.832021926
8743,71.0346664622
8750,94.3330227057
8757,118.33413307
8764,73.4615785709
8771,128.201378159
8778,76.8592555231
8785,80.2569324753
8792,86.4051098173
8799,121.514438323
8806,110.350642623
8813,110.350642623
8820,88.9938160666
8827,74.8754305079
8834,74.8754305079
8841,109.54167192
8848,86.0815215361
8855,82.3602563028
8862,97.4071113767
8869,97.2453172362
8876,88.0230512231
8883,129.927733633
8890,97.5689055173
8897,99.3486410637
8904,93.2004637217
8911,93.2004637217
8918,93.5240520028
8925,143.735813141
8932,133.540584798
8939,100.481200048
8946,99.5104352043
8953,89.3174043477
8960,89.3174043477
8967,100.157611767
8974,87.2140805202
8981,89.6409926289
8988,89.6409926289
8995,121.352644183
9002,121.352644183
9009,78.9625793506
9016,82.8456387245
9023,82.8456387245
9030,82.8456387245
9037,82.8456387245
9044,82.8456387245
9051,82.8456387245
9058,82.8456387245
9065,82.8456387245
9072,82.8456387245
9079,74.1087551332
9086,74.1087551332
9093,74.1087551332
9100,74.1087551332
9107,74.1087551332
9114,89.3174043477
9121,99.3486410637
9128,74.7559316955
9135,94.4948168463
9142,82.3602563028
9149,87.3758746608
9156,97.8924937985
9163,97.8924937985
9170,88.1848453637
9177,88.1848453637
9184,148.751431499
9191,109.363131438
9198,109.363131438
9205,-109.363131438
9212,109.363131438
9219,94.1712285651
9226,98.2160820796
9233,83.288725818
9240,130.411383081
9247,83.3310211463
9254,76.5356672419
9261,105.011435984
9268,87.8612570825
9275,137.532058241
9282,71.7352230963
9289,71.7352230963
9296,71.7352230963
9303,71.7352230963
9310,71.7352230963
9317,71.7352230963
9324,120.17778987
9331,160.40060962
9338,96.4363465333
9345,117.95496723
9352,91.5825223159
9359,76.0502848202
9366,110.188848483
9373,110.188848483
9380,-110.188848483
9387,110.188848483
9394,110.188848483
9401,110.188848483
9408,110.188848483
9415,110.188848483
9422,104.687847703
9429,106.143994968
9436,106.143994968
9443,106.143994968
9450,106.143994968
9457,101.937347313
9464,101.937347313
9471,101.937347313
9478,99.8340234854
9485,121.676232464
9492,121.676232464
9499,121.676232464
9506,121.676232464
9513,121.676232464
9520,98.5396703608
9527,99.3486410637
9534,112.13037817
9541,111.806789888
9548,116.175231684
9555,142.87126488
9562,115.528055122
9569,114.395496138
9576,124.750321135
9583,128.147998087
9590,128.147998087
9597,128.147998087
9604,105.011435984
9611,112.29217231
9618,151.608148471
9625,131.383880899
9632,131.383880899
9639,152.578913315
9646,135.428734413
9653,130.413116055
9660,117.79317309
9667,135.266940272
9674,144.165618004
9681,144.165618004
9688,124.750321135
9695,103.717082859
9702,99.5104352043
9709,106.952965671
9716,106.952965671
9723,106.952965671
9730,106.952965671
9737,106.952965671
9744,121.838026604
9751,139.311793787
9758,139.311793787
9765,139.311793787
9772,127.824409806
9779,91.1505199659
9786,153.711472299
9793,149.666618784
9800,149.666618784
9807,131.70746918
9814,172.803180887
9821,125.235703556
9828,125.235703556
9835,118.440349652
9842,110.836025045
9849,107.114759812
9856,107.114759812
9863,128.471586368
9870,128.471586368
9877,128.471586368
9884,122.646997307
9891,122.646997307
9898,122.646997307
9905,122.646997307
9912,103.069906297
9919,108.570907077
9926,108.570907077
9933,116.013437543
9940,116.013437543
9947,99.6722293449
9954,123.132379729
9961,123.132379729
9968,122.217192444
9975,100.966582469
9982,121.999820745
9989,113.101143013
9996,113.101143013
10003,113.101143013
10010,113.101143013
10017,113.101143013
10024,113.101143013
10031,166.49147643
10038,109.865260201
10045,109.865260201
10052,109.865260201
10059,106.467583249
10066,96.7599348144
10073,101.12837661
10080,108.570907077
10087,108.570907077
10094,101.12837661
10101,137.3702641
10108,137.3702641
10115,137.3702641
10122,115.204466841
10129,130.251321914
10136,127.177233243
10143,130.413116055
10150,115.0426727
10157,126.691850822
10164,121.029055901
10171,147.563294957
10178,146.916118394
10185,127.662615665
10192,127.662615665
10199,116.822408246
10206,116.822408246
10213,123.617762151
10220,123.617762151
10227,109.865260201
10234,109.865260201
10241,108.732701217
10248,98.9166387138
10255,96.2745523927
10262,150.313795346
10269,139.635382068
10276,108.732701217
10283,62.353360429
10290,101.507542449
10297,109.37987778
10304,110.188848483
10311,110.188848483
10318,113.910113716
10325,139.149999646
10332,125.721085978
10339,125.721085978
10346,125.721085978
10353,125.721085978
10360,125.721085978
10367,125.721085978
10374,125.721085978
10381,104.847908869
10388,104.847908869
10395,103.069906297
10402,103.069906297
10409,103.069906297
10416,111.644995748
10423,110.997819185
10430,110.997819185
10437,110.997819185
10444,117.629645975
10451,79.5625594035
10458,79.5625594035
10465,79.5625594035
10472,91.6359023877
10479,96.1110252781
10486,122.323409026
10493,103.610866277
10500,100.157611767
10507,109.37987778
10514,105.173230125
10521,100.804788329
10528,107.923730514
10535,107.923730514
10542,107.923730514
10549,107.923730514
10556,107.114759812
10563,107.114759812
10570,107.114759812
10577,107.114759812
10584,107.114759812
10591,107.114759812
10598,107.114759812
10605,110.027054342
10612,135.266940272
10619,135.266940272
10626,135.266940272
10633,98.2160820796
10640,96.2745523927
10647,106.789438556
10654,102.584523875
10661,97.7306996579
10668,110.350642623
10675,112.615760591
10682,84.947229578
10689,109.703466061
10696,90.4027668224
10703,103.069906297
10710,103.069906297
10717,103.069906297
10724,139.958970349
10731,149.828412925
10738,149.828412925
10745,149.828412925
10752,96.1127582521
10759,51.7644173918
10766,109.37987778
10773,97.786277216
10780,102.746318016
10787,98.7014645014
10794,98.7014645014
10801,111.968584029
10808,111.321407467
10815,68.1056255903
10822,109.865260201
10829,66.6190281571
10836,109.54167192
10843,105.820406687
10850,113.424731294
10857,113.424731294
10864,113.424731294
10871,113.424731294
10878,113.424731294
10885,113.424731294
10892,113.424731294
10899,113.424731294
10906,111.968584029
10913,103.231700438
10920,111.805056914
10927,106.79117153
10934,131.222086758
10941,119.572908636
10948,119.572908636
10955,118.763937933
10962,132.192851601
10969,122.323409026
10976,122.323409026
10983,149.504824644
10990,118.925732074
10997,96.090788912
11004,114.233701997
11011,83.3865987044
11018,116.984202387
11025,116.984202387
11032,116.984202387
11039,119.896496917
11046,106.789438556
11053,134.134381288
11060,120.867261761
11067,112.939348872
11074,112.939348872
11081,112.939348872
11088,112.939348872
11095,112.939348872
11102,112.939348872
11109,112.939348872
11116,106.304056135
11123,121.999820745
11130,70.532537699
11137,70.532537699
11144,116.013437543
11151,109.218083639
11158,103.717082859
11165,118.116761371
11172,92.7150812999
11179,147.239706675
11186,108.085524655
11193,85.0023426239
11200,85.0023426239
11207,95.3037875492
11214,95.3037875492
11221,51.1172408294
11228,96.1127582521
11235,96.1127582521
11242,75.9440682377
11249,115.689849262
11256,107.600142233
11263,110.512436764
11270,70.5273146937
11277,102.260935594
11284,113.424731294
11291,112.13037817
11298,112.939348872
11305,112.453966451
11312,105.820406687
11319,59.1813988716
11326,116.822408246
11333,118.116761371
11340,97.9480713566
11347,112.29217231
11354,127.986203946
11361,125.721085978
11368,125.721085978
11375,130.251321914
11382,126.044674259
11389,132.192851601
11396,76.4294506594
11403,138.017440662
11410,117.145996527
11417,121.999820745
11424,138.664617225
11431,126.368262541
11438,125.882880119
11445,131.70746918
11452,139.958970349
11459,87.5376688014
11466,87.5376688014
11473,135.590528554
11480,135.590528554
11487,111.481468633
11494,91.7998940145
11501,111.968584029
11508,115.204466841
11515,115.204466841
11522,115.204466841
11529,132.031057461
11536,132.031057461
11543,94.8166721534
11550,121.190850042
11557,121.190850042
11564,121.190850042
11571,121.190850042
11578,115.689849262
11585,115.689849262
11592,105.982200827
11599,139.473587928
11606,95.3037875492
11613,82.1984621622
11620,86.9460697971
11627,95.844747529
11634,54.8552524042
11641,54.8552524042
11648,54.8552524042
11655,64.0775184173
11662,99.8340234854
11669,74.7559316955
11676,76.3738731013
11683,82.683844584
11690,83.3310211463
11697,83.5461953587
11704,113.642102993
11711,102.640101433
11718,102.640101433
11725,102.640101433
11732,106.142261994
11739,88.8854019978
11746,88.8854019978
11753,83.0074328651
11760,55.2983394977
11767,96.5981406738
11774,80.2569324753
11781,80.2569324753
11788,118.440349652
11795,118.440349652
11802,89.4791984883
11809,56.7544867629
11816,56.7544867629
11823,86.4584898891
11830,96.4363465333
11837,129.117029956
11844,52.2665461549
11851,87.8612570825
11858,146.162725249
11865,79.2861676318
11872,79.2861676318
11879,79.2861676318
11886,79.2861676318
11893,79.2861676318
11900,101.775553172
11907,101.775553172
11914,91.3145115928
11921,84.9489625521
11928,139.311793787
11935,76.6974613825
11942,82.4158338609
11949,102.478307293
11956,78.6389910695
11963,89.4791984883
11970,94.8184051275
11977,98.3778762202
11984,98.3778762202
11991,98.3778762202
11998,98.3778762202
12005,79.2861676318
12012,81.6046656717
12019,132.192851601
12026,132.192851601
12033,132.192851601
12040,121.2464276
12047,121.2464276
12054,121.2464276
12061,121.2464276
12068,117.469584809
12075,118.49592721
12082,118.116761371
12089,133.972587148
12096,51.1322541968
12103,145.78355941
12110,39.5994066803
12117,51.2940483374
12124,182.0254469
12131,42.5117012107
12138,114.071907856
12145,118.116761371
12152,128.633380509
12159,124.264938713
12166,138.988205506
12173,75.0795199767
12180,157.756325813
12187,61.0016967722
12194,70.443067458
12201,70.443067458
12208,109.703466061
12215,94.1712285651
12222,94.1712285651
12229,110.674230904
12236,114.557290278
12243,114.557290278
12250,114.557290278
12257,114.557290278
12264,114.557290278
12271,133.325410585
12278,130.089527774
12285,52.9671027891
12292,59.6006625529
12299,93.6858461434
12306,93.6858461434
12313,93.6858461434
12320,138.826411365
12327,137.208469959
12334,124.588526994
12341,105.658612546
12348,112.29217231
12355,112.29217231
12362,105.173230125
12369,72.0036983316
12376,104.202465281
12383,104.202465281
12390,104.202465281
12397,113.101143013
12404,113.101143013
12411,103.878877
12418,123.45596801
12425,66.8280188071
12432,83.816403568
12439,151.122766049
12446,110.188848483
12453,108.894495358
12460,108.894495358
12467,109.218083639
12474,109.54167192
12481,94.3886002638
12488,108.732701217
12495,108.570907077
12502,137.3702641
12509,137.3702641
12516,83.3865987044
12523,107.92199754
12530,105.820406687
12537,105.820406687
12544,105.173230125
12551,111.806789888
12558,113.748319575
12565,113.748319575
12572,116.175231684
12579,-132.840028164
12586,132.840028164
12593,147.563294957
12600,110.027054342
12607,105.658612546
12614,122.323409026
12621,88.4022170623
12628,84.3017859898
12635,139.852753767
12642,123.132379729
12649,155.814796126
12656,113.586525435
12663,15.5173068965
12670,57.7203504252
12677,57.7203504252
12684,125.072176442
12691,56.1024090194
12698,89.8027867695
12705,86.2415827027
12712,80.7203455569
12719,113.101143013
12726,110.729808462
12733,78.0473920652
12740,113.262937154
12747,54.353123641
12754,94.7099910587
12761,95.1200240686
12768,95.1200240686
12775,85.4123756338
12782,97.2453172362
12789,93.8256709439
12796,93.016700241
12803,92.0459353975
12810,104.504084222
12817,104.504084222
12824,83.3310211463
12831,76.7530389406
12838,67.7970506766
12845,122.970585588
12852,72.2206055181
12859,104.200732307
12866,-1.17271674589
12873,85.1090237186
12880,93.9622379152
12887,84.3017859898
12894,71.9834619656
12901,91.7425834824
12908,0.288331700498
12915,86.5669039579
12922,79.4462287983
12929,75.4013752838
12936,55.2934383165
12943,91.7443164564
12950,82.8990187964
12957,53.7782709782
12964,67.3134012289
12971,119.874527577
12978,119.874527577
12985,119.874527577
12992,119.874527577
12999,119.874527577
13006,119.874527577
13013,119.874527577
13020,69.1487143333
13027,75.1350975348
13034,75.1350975348
13041,75.1350975348
13048,75.1350975348
13055,97.8705244584
13062,83.9781977086
13069,94.980199268
13076,87.2123475462
13083,12.9488370199
13090,65.4274491
13097,66.1588729047
13104,105.820406687
13111,105.820406687
13118,30.4777172484
13125,72.4688443923
13132,68.2418707441
13139,68.2418707441
13146,50.626635414
13153,40.9189869792
13160,95.0357768261
13167,95.0357768261
13174,96.9773065131
13181,87.5359358273
13188,83.1472576706
13195,83.1472576706
13202,61.7956541077
13209,67.2049871601
13216,95.0357768261
13223,80.2569324753
13230,80.2569324753
13237,69.6318992688
13244,92.4470705768
13251,91.4763057334
13258,21.417245376
13265,72.7924326735
13272,104.038938166
13279,104.038938166
13286,104.038938166
13293,88.2382254355
13300,92.9324529986
13307,69.7936934094
13314,77.5620096435
13321,83.4910823128
13328,83.4910823128
13335,79.5035393304
13342,89.8027867695
13349,101.268201416
13356,72.9761961492
13363,79.3417451899
13370,84.6236412969
13377,79.5035393304
13384,79.5035393304
13391,93.8256709489
13398,93.8256709489
13405,91.5605529808
13412,93.3402885272
13419,82.3602563028
13426,82.3602563028
13433,82.3602563028
13440,77.8080510315
13447,77.8080510315
13454,77.8080510315
13461,77.8080510315
13468,77.8080510315
13475,77.8080510315
13482,77.8080510315
13489,87.1078639377
13496,45.1458709954
13503,82.6618752489
13510,100.481200048
13517,59.1764976905
13524,129.743970158
13531,60.9814604112
13538,121.999820745
13545,80.3125100333
13552,109.056289498
13559,100.049197698
13566,87.2123475462
13573,48.8265738745
13580,88.0213182491
13587,29.8917582455
13594,106.143994968
13601,106.143994968
13608,54.353123641
13615,54.353123641
13622,54.353123641
13629,34.4219941817
13636,34.4219941817
13643,28.1120226991
13650,85.813510813
13657,62.5741746426
13664,62.5741746426
13671,62.5741746426
13678,52.2242508267
13685,79.0181569087
13692,101.775553172
13699,101.775553172
13706,117.79317309
13713,28.1120226991
13720,87.6994629419
13727,68.3375461442
13734,42.026318789
13741,49.1452609745
13748,77.7238037841
13755,80.7978924551
13762,61.279821518
13769,96.4363465333
13776,80.8569125282
13783,74.2233527644
13790,66.6239293383
13797,90.9353457535
13804,86.4606873754
13811,26.8176695745
13818,50.2778199586
13825,73.0317737072
13832,73.0317737072
13839,35.3927590252
13846,46.263416612
13853,44.2914367571
13860,44.2914367571
13867,70.1784992499
13874,70.1784992499
13881,53.5137027702
13888,106.143994968
13895,91.7998940145
13902,140.119031516
13909,51.0867906615
13916,51.0867906615
13923,51.0867906615
13930,53.9990851919
13937,63.7067336267
13944,45.4239957412
13951,112.615760591
13958,54.8080558948
13965,59.5000859716
13972,56.4259973006
13979,63.0595570644
13986,63.0595570644
13993,58.3675269876
14000,110.674230904
14007,110.674230904
14014,62.7359687832
14021,117.631378949
14028,100.858168401
14035,105.390601823
14042,61.4416156586
14049,61.4416156586
14056,87.4314522189
14063,52.3811437861
14070,106.844551602
14077,50.2778199586
14084,63.8685277673
14091,80.8569125282
14098,64.8697427788
14105,64.8697427788
14112,64.8697427788
14119,65.9718515948
14126,65.9718515948
14133,119.409381522
14140,88.0786287812
14147,88.0786287812
14154,88.0786287812
14161,53.220564657
14168,53.220564657
14175,153.711472299
14182,56.7495855818
14189,56.4259973006
14196,56.4259973006
14203,92.1825023688
14210,86.0343250267
14217,72.2818230774
14224,144.327412145
14231,144.327412145
14238,90.564560963
14245,90.564560963
14252,90.564560963
14259,84.0927953398
14266,106.79117153
14273,126.530056681
14280,116.013437543
14287,92.1825023688
14294,117.307790668
14301,61.1180273774
14308,141.091529333
14315,92.5060906499
14322,109.656269551
14329,138.988205506
14336,138.988205506
14343,134.943351991
14350,70.6638816716
14357,120.70546762
14364,120.70546762
14371,107.653522305
14378,93.1532672123
14385,83.607412918
14392,83.607412918
14399,83.607412918
14406,118.602143793
14413,95.3037875492
14420,72.1200289369
14427,123.570565641
14434,92.1825023688
14441,92.1825023688
14448,92.1825023688
14455,92.1825023688
14462,92.1825023688
14469,115.528055122
14476,90.7263551036
14483,79.400765263
14490,79.400765263
14497,88.9466195572
14504,91.3735316659
14511,67.8543612087
14518,94.980199268
14525,137.532058241
14532,137.532058241
14539,73.8997644832
14546,81.8276773717
14553,99.786826976
14560,126.691850822
14567,120.54367348
14574,97.1981207268
14581,126.530056681
14588,125.721085978
14595,125.721085978
14602,116.660614106
14609,31.8381891136
14616,31.8381891136
14623,31.8381891136
14630,31.8381891136
14637,109.920837759
14644,23.7484820846
14651,23.7484820846
14658,23.7484820846
14665,30.7056301295
14672,30.7056301295
14679,30.7056301295
14686,131.222086758
14693,67.7564883224
14700,78.5917945601
14707,78.5917945601
14714,29.0876887237
14721,23.4248938034
14728,133.057399862
14735,44.78172036
14742,94.3312897317
14749,95.0996980804
14756,91.5675752167
14763,58.6960164499
14770,58.6960164499
14777,58.6960164499
14784,58.6960164499
14791,97.0817901215
14798,74.2282539456
14805,98.5229240194
14812,125.721085978
14819,87.0099910514
14826,103.608668791
14833,103.608668791
14840,116.011704569
14847,113.099410039
14854,100.374983465
14861,52.2242508267
14868,65.4913703542
14875,65.4913703542
14882,121.029055901
14889,86.8737458976
14896,86.8737458976
14903,117.037582459
14910,90.4027668224
14917,90.4027668224
14924,121.998087771
14931,110.674230904
14938,43.9727496571
14945,54.6511629354
14952,65.8149586354
14959,65.8149586354
14966,96.7176394862
14973,96.7176394862
14980,40.2514844238
14987,34.4268953629
14994,121.67449949
15001,112.83313229
15008,112.83313229
15015,121.838026604
15022,54.3275746542
15029,54.3275746542
15036,54.3275746542
15043,122.702574865
15050,122.702574865
15057,119.08579324
15064,116.013437543
15071,41.0604551267
15078,53.6803980919
15085,54.812957076
15092,53.6803980919
15099,62.902664105
15106,70.5069887122
15113,122.646997307
15120,40.7368668455
15127,62.5790758238
15134,46.5614559064
15141,46.5614559064
15148,46.5614559064
15155,46.5614559064
15162,46.5614559064
15169,61.1229285586
15176,61.1229285586
15183,61.1229285586
15190,89.1388638658
15197,63.3880465267
15204,63.3880465267
15211,48.0176031716
15218,96.3301299508
15225,105.552395964
15232,105.552395964
15239,118.115028397
15246,102.640101433
15253,103.715349885
15260,117.201574086
15267,105.820406687
15274,82.3179609746
15281,79.082078163
15288,63.2262523861
15295,68.8890473064
15302,81.5089902717
15309,77.3980180166
15316,56.9162809035
15323,70.8305769934
15330,70.992371134
15337,108.083791681
15344,94.7761097992
15351,77.9495191789
15358,64.035223089
15365,62.4172816832
15372,73.4192832427
15379,73.4192832427
15386,73.4192832427
15393,74.066459805
15400,75.5226070702
15407,126.366529567
15414,80.7000195688
15421,77.7877250383
15428,77.7877250383
15435,67.4329000412
15442,103.189405109
15449,71.1541652745
15456,71.1541652745
15463,71.1541652745
15470,79.7292547253
15477,101.275223652
15484,72.4485183992
15491,71.8013418369
15498,80.7000195688
15505,80.7000195688
15512,80.7000195688
15519,80.7000195688
15526,131.383880899
15533,111.806789888
15540,68.8890473064
15547,104.200732307
15554,96.2745523927
15561,99.1445515949
15568,132.840028164
15575,103.998375812
15582,110.631935576
15589,79.4056664441
15596,80.5382254282
15603,81.5089902717
15610,81.5089902717
15617,81.5089902717
15624,130.413116055
15631,130.413116055
15638,77.7877250383
15645,82.6415492557
15652,96.5558453456
15659,96.5558453456
15666,86.5246086296
15673,101.895051985
15680,96.394051205
15687,96.394051205
15694,73.0956949615
15701,91.6359023877
15708,117.291044327
15715,81.5089902717
15722,78.4349016006
15729,78.4349016006
15736,78.4349016006
15743,86.0392262079
15750,85.3920496456
15757,101.086081282
15764,95.7468746427
15771,103.998375812
15778,103.998375812
15785,103.998375812
15792,98.863258642
15799,74.5518422267
15806,88.5640112029
15813,65.5116963358
15820,112.13037817
15827,109.271463711
15834,75.2193447706
15841,52.5733880947
15848,101.66933659
15855,105.658612546
15862,105.658612546
15869,105.658612546
15876,106.62937739
15883,106.62937739
15890,85.7562002809
15897,94.3312897317
15904,73.7631975053
15911,91.7976965283
15918,84.3551660616
15925,108.732701217
15932,101.992924871
15939,74.2538029324
15946,106.467583249
15953,106.467583249
15960,106.467583249
15967,66.967843601
15974,123.29417387
15981,85.0887873459
15988,49.4992994236
15995,49.4992994236
16002,49.4992994236
16009,99.1851139491
16016,87.5932463594
16023,93.2560412797
16030,93.847640284
16037,93.847640284
16044,99.5104352043
16051,95.2888404501
16058,55.9728642891
16065,60.0177178036
16072,53.5459521804
16079,51.1190400717
16086,77.1678967051
16093,77.1678967051
16100,104.41983698
16107,115.202733866
16114,107.438348093
16121,84.8427459696
16128,113.895166617
16135,96.7599348144
16142,96.0065416696
16149,102.422729735
16156,118.819515491
16163,85.8774320673
16170,104.58163112
16177,97.7306996579
16184,117.307790668
16191,117.307790668
16198,101.613759032
16205,101.613759032
16212,101.613759032
16219,90.829129171
16226,106.952965671
16233,106.952965671
16240,91.9594906688
16247,91.9594906688
16254,87.1991334211
16261,87.1991334211
16268,112.615760591
16275,100.142664667
16282,100.142664667
16289,111.644995748
16296,111.791842789
16303,100.304458808
16310,100.304458808
16317,100.304458808
16324,100.304458808
16331,155.491207845
16338,90.1114279515
16345,114.071907856
16352,114.071907856
16359,67.5307729275
16366,67.5307729275
16373,67.5307729275
16380,99.0101056834
16387,99.0101056834
16394,83.8014564689
16401,126.853644962
16408,77.1678967051
16415,90.4350162327
16422,118.278555512
16429,122.323409026
16436,119.411114496
16443,90.5968103732
16450,94.156281466
16457,141.253323474
16464,123.29417387
16471,128.78022755
16478,128.78022755
16485,103.231700438
16492,103.231700438
16499,103.231700438
16506,108.070577556
16513,107.438348093
16520,86.7137509993
16527,114.719084419
16534,114.719084419
16541,129.11876293
16548,118.602143793
16555,126.530056681
16562,121.352644183
16569,96.921728955
16576,36.2321798961
16583,18.2730302917
16590,76.7530389406
16597,12.9338236526
16604,75.3863619164
16611,55.9710650468
16618,29.2750318511
16625,29.2750318511
16632,72.7721066803
16639,72.7721066803
16646,72.7721066803
16653,20.3763541192
16660,25.7155607584
16667,25.7155607584
16674,25.7155607584
16681,18.4348244323
16688,94.224608637
16695,78.622244728
16702,96.7582018404
16709,34.4524443497
16716,65.5169193411
16723,85.9753049536
16730,85.9731074674
16737,56.1328591874
16744,103.878877
16751,123.132379729
16758,14.8753533395
16765,65.3551252005
16772,33.967061928
16779,33.967061928
16786,33.967061928
16793,53.3823587976
16800,53.3823587976
16807,53.3823587976
16814,53.3823587976
16821,95.9509641115
16828,78.6389910695
16835,78.6389910695
16842,47.5322207499
16849,28.95144357
16856,28.95144357
16863,59.8541244208
16870,87.9168346406
16877,91.0971398941
16884,60.3395068425
16891,51.7644173918
16898,89.6409926289
16905,71.8992147232
16912,66.8112724657
16919,66.8112724657
16926,66.8112724657
16933,66.8112724657
16940,85.8977580555
16947,79.1243734912
16954,66.3982139435
16961,49.4992994236
16968,53.220564657
16975,53.220564657
16982,53.220564657
16989,53.220564657
16996,38.8208861454
17003,46.7487990338
17010,46.7487990338
17017,46.7487990338
17024,46.7487990338
17031,82.739422142
17038,56.294653328
17045,77.8282873925
17052,87.1078639377
17059,39.4680627077
17066,39.4680627077
17073,39.4680627077
17080,92.6088647174
17087,85.0045401101
17094,85.0045401101
17101,42.5421513787
17108,84.4468337889
17115,68.7528021527
17122,68.7528021527
17129,86.6202840297
17136,63.251801373
17143,42.7039455193
17150,42.7039455193
17157,42.7039455193
17164,67.7820373092
17171,67.7820373092
17178,67.7820373092
17185,46.5870048932
17192,95.4436123497
17199,73.2830380889
17206,108.068778314
17213,63.251801373
17220,63.251801373
17227,63.251801373
17234,111.215190884
17241,103.125483855
17248,112.024161587
17255,114.395496138
17262,116.17349871
17269,84.2850396484
17276,84.2850396484
17283,84.2850396484
17290,89.1336408671
17297,110.350642623
17304,98.2716596377
17311,98.2716596377
17318,57.5890064527
17325,65.1933310599
17332,65.1933310599
17339,70.2089494179
17346,82.9906865237
17353,82.9906865237
17360,82.9906865237
17367,109.435455338
17374,109.435455338
17381,109.435455338
17388,104.741227775
17395,104.741227775
17402,104.741227775
17409,76.6807150411
17416,76.6807150411
17423,76.6807150411
17430,71.5033025425
17437,121.352644183
17444,79.5930095715
17451,79.5930095715
17458,79.5930095715
17465,79.5930095715
17472,72.6358615266
17479,72.6358615266
17486,72.6358615266
17493,72.6358615266
17500,82.8288923831
17507,82.8288923831
17514,94.3162763643
17521,94.3162763643
17528,71.3415084019
17535,90.2714228498
17542,58.0743888744
17549,71.0179201208
17556,71.0179201208
17563,71.0179201208
17570,57.2654181715
17577,134.943351991
17584,63.251801373
17591,52.0880056729
17598,52.0880056729
17605,91.0803935527
17612,62.1192423889
17619,107.491728165
17626,107.491728165
17633,107.491728165
17640,107.491728165
17647,107.491728165
17654,108.569174103
17661,100.464453706
17668,60.9866834048
17675,60.9866834048
17682,79.7548037121
17689,112.509544009
17696,81.8581275396
17703,65.5169193411
17710,77.3278916034
17717,107.655719791
17724,107.655719791
17731,107.655719791
17738,67.7820373092
17745,67.7820373092
17752,125.776663536
17759,78.7840388686
17766,78.7840388686
17773,112.275425969
17780,100.788041988
17787,89.4624521469
17794,77.489685744
17801,95.1252470672
17808,60.5013009831
17815,107.92199754
17822,90.7568052715
17829,96.9751090268
17836,61.9574482483
17843,77.1660974628
17850,77.1660974628
17857,71.3415084019
17864,96.2578060513
17871,93.0219232397
17878,93.0219232397
17885,95.7724236295
17892,95.7724236295
17899,105.803660345
17906,91.0499433847
17913,98.5396703608
17920,92.770658858
17927,53.1310944159
17934,100.481200048
17941,73.0317737072
17948,75.6204799565
17955,69.9576850362
17962,68.3397436304
17969,68.3397436304
17976,80.1507158928
17983,93.7414237015
17990,102.640101433
17997,95.844747529
18004,103.393494578
18011,89.5325785602
18018,132.4102233
18025,152.958079154
18032,107.817513932
18039,96.6537182319
18046,68.4310131138
18053,100.374983465
18060,99.4042186218
18067,84.5191576884
18074,84.5191576884
18081,63.5753896541
18088,108.788278775
18095,108.788278775
18102,122.378986584
18109,98.6997315273
18116,101.345748309
18123,98.9188362
18130,98.9188362
18137,104.905219401
18144,98.863258642
18151,104.847908869
18158,121.570015881
18165,121.570015881
18172,67.5307729275
18179,77.8855979246
18186,94.5503944044
18193,109.865260201
18200,102.640101433
18207,106.627644416
18214,58.7215654367
18221,84.0337752667
18228,67.3689787869
18235,107.008543229
18242,75.3559117485
18249,79.3417451899
18256,91.4763057334
18263,91.4763057334
18270,162.180345167
18277,110.997819185
18284,84.193371921
18291,110.350642623
18298,111.644995748
18305,107.92199754
18312,116.069015102
18319,108.894495358
18326,99.7278069029
18333,98.7570420595
18340,89.5347760464
18347,89.5347760464
18354,89.5347760464
18361,83.7692070586
18368,89.5347760464
18375,89.3729819058
18382,121.2464276
18389,112.777554732
18396,122.055398303
18403,122.055398303
18410,92.369523672
18417,108.730968243
18424,89.7808174294
18431,87.4314522189
18438,87.4314522189
18445,83.8719811261
18452,83.8719811261
18459,103.878877
18466,50.8659764478
18473,78.9153828412
18480,71.6346465151
18487,128.471586368
18494,67.6925670681
18501,67.6925670681
18508,67.6925670681
18515,67.6925670681
18522,67.6925670681
18529,67.6925670681
18536,67.6925670681
18543,82.8033433963
18550,68.9145962932
18557,63.9713018348
18564,63.9713018348
18571,63.9713018348
18578,77.2384213623
18585,77.2384213623
18592,124.426732854
18599,57.337742071
18606,57.337742071
18613,91.0954069201
18620,117.95496723
18627,85.813510813
18634,85.813510813
18641,68.3987637035
18648,68.3987637035
18655,103.878877
18662,103.878877
18669,105.552395964
18676,115.204466841
18683,86.622481516
18690,102.584523875
18697,98.7570420595
18704,73.6789502696
18711,73.6789502696
18718,73.6789502696
18725,73.6789502696
18732,88.7258053435
18739,55.396212384
18746,55.396212384
18753,55.396212384
18760,55.396212384
18767,55.396212384
18774,87.2696580783
18781,87.2696580783
18788,87.2696580783
18795,87.2696580783
18802,60.411830742
18809,107.33213151
18816,109.273661197
18823,109.273661197
18830,87.9168346406
18837,87.9168346406
18844,87.9168346406
18851,92.8601290991
18858,92.3914930188
18865,74.9733033942
18872,63.485919413
18879,63.485919413
18886,63.485919413
18893,63.485919413
18900,56.9418298903
18907,100.210991838
18914,127.660882691
18921,127.660882691
18928,127.660882691
18935,127.660882691
18942,68.3987637035
18949,66.560008084
18956,114.719084419
18963,77.5620096435
18970,77.5620096435
18977,109.273661197
18984,109.273661197
18991,136.723087538
18998,136.723087538
19005,136.723087538
19012,136.723087538
19019,103.125483855
19026,95.5211592479
19033,95.5211592479
19040,101.183954168
19047,96.1683358102
19054,96.1683358102
19061,96.1683358102
19068,96.1683358102
19075,96.1683358102
19082,97.7840797297
19089,96.0065416696
19096,96.0065416696
19103,96.0065416696
19110,96.0065416696
19117,96.0065416696
19124,96.0065416696
19131,93.7392262152
19138,92.1234822957
19145,92.1234822957
19152,92.1234822957
19159,97.1369031674
19166,97.1369031674
19173,98.2716596377
19180,94.8717851993
19187,68.501537771
19194,117.684759021
19201,114.448876209
19208,114.448876209
19215,100.374983465
19222,95.3593651073
19229,98.2694621515
19236,106.844551602
19243,96.8133148863
19250,96.8133148863
19257,92.7684613717
19264,127.718193223
19271,108.94787543
19278,108.94787543
19285,108.950072916
19292,117.039779945
19299,89.3729819058
19306,102.154719012
19313,98.8615256679
19320,42.7762694188
19327,116.498819965
19334,126.690117848
19341,73.1935678478
19348,77.8855979246
19355,57.6613303521
19362,88.4022170623
19369,88.0786287812
19376,70.2812733174
19383,70.2812733174
19390,69.4723026145
19397,86.2988932348
19404,85.0045401101
19411,85.1663342507
19418,91.7998940145
19425,109.37987778
19432,76.1058623783
19439,101.66933659
19446,83.8719811261
19453,74.415597073
19460,99.994084652
19467,99.0806303406
19474,102.908112156
19481,87.9168346406
19488,79.9889217522
19495,103.449072136
19502,118.602143793
19509,61.8679780072
19516,84.680951829
19523,73.8407444101
19530,115.366260981
19537,107.008543229
19544,91.1527174522
19551,94.8184051275
19558,84.0337752667
19565,85.0045401101
19572,85.0045401101
19579,89.696570187
19586,89.696570187
19593,105.335024265
19600,105.335024265
19607,105.335024265
19614,111.319674493
19621,111.319674493
19628,89.3729819058
19635,116.476850625
19642,94.0650119826
19649,63.1623311319
19656,76.2676565188
19663,104.41983698
19670,89.696570187
19677,89.696570187
19684,90.0201584681
19691,77.4002155029
19698,77.4002155029
19705,84.8427459696
19712,73.0317737072
19719,53.7782709782
19726,100.210991838
19733,87.9168346406
19740,87.9168346406
19747,89.696570187
19754,81.9304514391
19761,98.2716596377
19768,98.2716596377
19775,98.2716596377
19782,80.9596865957
19789,85.4877250456
19796,75.7822740971
19803,140.338136189
19810,70.6048615985
19817,92.4470705768
19824,73.517156129
19831,88.7258053435
19838,120.380146365
19845,120.380146365
19852,120.380146365
19859,120.380146365
19866,107.17033737
19873,130.306899473
19880,137.749429939
19887,132.572017441
19894,158.135491652
19901,158.135491652
19908,129.012546348
19915,107.008543229
19922,118.819515491
19929,111.053396744
19936,98.2143491056
19943,98.2143491056
19950,98.2143491056
19957,104.258042839
19964,96.8155123725
19971,95.3593651073
19978,124.320516271
19985,127.394604942
19992,157.48831509
19999,117.525162367
20006,105.318277924
20013,110.729808462
20020,98.9188362
20027,100.698571746
20034,94.712188545
20041,101.507542449
20048,98.1098654971
20055,107.17033737
20062,107.17033737
20069,107.17033737
20076,88.4022170623
20083,106.523160807
20090,103.85690766
20097,126.90922252
20104,128.527163926
20111,128.527163926
20118,96.4919240913
20125,83.8719811261
20132,91.4763057334
20139,98.4334537783
20146,114.557290278
20153,98.2716596377
20160,142.765048297
20167,130.145105332
20174,115.204466841
20181,101.83113073
20188,108.569174103
20195,108.569174103
20202,108.569174103
20209,108.569174103
20216,108.569174103
20223,94.0650119826
20230,94.0650119826
20237,139.043783064
20244,113.803897133
20251,134.351752987
20258,68.9145962932
20265,68.9145962932
20272,68.9145962932
20279,96.8155123725
20286,96.8155123725
20293,96.8155123725
20300,87.7550405
20307,84.1955694073
20314,120.437456897
20321,81.4450690174
20328,87.5932463594
20335,82.739422142
20342,82.739422142
20349,124.805898693
20356,123.835133849
20363,123.835133849
20370,130.630487754
20377,104.362526448
20384,139.367371345
20391,139.367371345
20398,143.735813141
20405,111.321407467
20412,60.0882424608
20419,60.5736248826
20426,117.306057694
20433,75.9440682377
20440,88.5640112029
20447,95.3593651073
20454,60.8972131637
20461,102.908112156
20468,96.3301299508
20475,90.6673350304
20482,90.6673350304
20489,160.074823853
20496,78.3709803464
20503,76.7530389406
20510,76.7530389406
20517,76.7530389406
20524,76.7530389406
20531,109.37987778
20538,109.37987778
20545,89.0471961384
20552,99.5660127624
20559,116.335292851
20566,70.443067458
20573,70.443067458
20580,86.7842756565
20587,118.763937933
20594,92.1234822957
20601,84.1955694073
20608,77.7238037841
20615,74.1643326913
20622,104.903021915
20629,75.6204799565
20636,74.3261268319
20643,74.3261268319
20650,74.3261268319
20657,80.9596865957
20664,83.0630104232
20671,74.9733033942
20678,81.1214807362
20685,108.626484635
20692,83.5483928449
20699,74.9733033942
20706,74.9733033942
20713,99.8874035573
20720,104.096248699
20727,96.6515207457
20734,114.557290278
20741,112.347749868
20748,92.9324529986
20755,159.106256496
20762,159.106256496
20769,159.106256496
20776,159.106256496
20783,159.106256496
20790,117.686956507
20797,87.4314522189
20804,114.070174882
20811,134.998929549
20818,116.716191664
20825,103.772660417
20832,119.896496917
20839,95.5211592479
20846,93.4178354203
20853,93.4178354203
20860,93.4178354203
20867,93.4178354203
20874,125.938457677
20881,125.938457677
20888,100.142664667
20895,100.142664667
20902,105.228807683
20909,97.4626889348
20916,107.761936374
20923,104.743425261
20930,104.743425261
20937,113.908380742
20944,139.690959626
20951,139.690959626
20958,139.690959626
20965,139.690959626
20972,94.0650119826
20979,58.7938893362
20986,89.208990279
20993,89.208990279
21000,62.1915662884
21007,38.8932100449
21014,50.380594026
21021,50.380594026
21028,119.08579324
21035,85.1663342507
21042,103.231700438
21049,56.3669772275
21056,71.2520381608
21063,44.5560049652
21070,44.5560049652
21077,98.5247232617
21084,98.5247232617
21091,56.6905655087
21098,114.287082069
21105,106.952965671
21112,120.922839319
21119,71.4138323014
21126,145.943620577
21133,145.943620577
21140,145.943620577
21147,141.415117615
21154,55.0726241029
21161,118.33413307
21168,53.1310944159
21175,70.7666557391
21182,70.7666557391
21189,88.4022170623
21196,63.3241252724
21203,73.1935678478
21210,52.8075061347
21217,52.8075061347
21224,52.8075061347
21231,66.0746256623
21238,66.0746256623
21245,96.7599348144
21252,34.3629741086
21259,84.1955694073
21266,73.0317737072
21273,71.0902440203
21280,71.0902440203
21287,94.8184051275
21294,91.4763057334
21301,91.4763057334
21308,91.4763057334
21315,80.7978924551
21322,72.0610088638
21329,86.9460697971
21336,91.1527174522
21343,72.7081854261
21350,72.7081854261
21357,72.7081854261
21364,136.235972142
21371,71.4138323014
21378,87.2696580783
21385,136.940459236
21392,111.376985025
21399,111.376985025
21406,57.1759479304
21413,66.2364198029
21420,66.2364198029
21427,66.2364198029
21434,63.0005369913
21441,79.8271276116
21448,56.5287713681
21455,87.5932463594
21462,87.5932463594
21469,-87.5932463594
21476,87.5932463594
21483,91.9616881551
21490,79.9889217522
21497,91.7998940145
21504,91.7998940145
21511,85.1663342507
21518,56.8523596492
21525,81.1214807362
21532,94.8739826855
21539,160.830414484
21546,129.927733633
21553,53.2928885565
21560,83.3865987044
21567,126.262045958
21574,93.9032178421
21581,61.5443897261
21588,61.5443897261
21595,129.604145352
21602,63.3241252724
21609,92.770658858
21616,157.270943391
21623,57.4995362116
21630,70.443067458
21637,70.443067458
21644,74.0025385507
21651,136.884881678
21658,136.884881678
21665,110.406220181
21672,141.091529333
21679,115.421838539
21686,91.6380998739
21693,70.443067458
21700,80.4743041739
21707,84.1955694073
21714,84.1955694073
21721,84.1955694073
21728,112.183758241
21735,65.5892432406
21742,84.3573635478
21749,68.3397436304
21756,133.325410585
21763,72.7081854261
21770,84.8427459696
21777,108.464690494
21784,62.5151545695
21791,94.2268061232
21798,55.8815948058
21805,55.8815948058
21812,67.8543612087
21819,67.8543612087
21826,72.7081854261
21833,94.712188545
21840,94.712188545
21847,94.712188545
21854,94.712188545
21861,94.712188545
21868,94.712188545
21875,94.712188545
21882,82.2540397203
21889,82.2540397203
21896,82.2540397203
21903,82.2540397203
21910,82.2540397203
21917,91.906110597
21924,91.906110597
21931,91.906110597
21938,143.354914327
21945,68.3397436304
21952,68.3397436304
21959,68.6633319116
21966,154.682237142
21973,76.5912448
21980,76.5912448
21987,76.5912448
21994,76.5912448
22001,88.0786287812
22008,88.0786287812
22015,73.1935678478
22022,86.2988932348
22029,138.341028943
22036,76.7530389406
22043,130.896765503
22050,85.3281283913
22057,101.83113073
22064,90.5055408899
22071,74.649715113
22078,71.4138323014
22085,129.280557071
22092,155.329413704
22099,107.33213151
22106,78.532774487
22113,112.509544009
22120,112.509544009
22127,87.2696580783
22134,86.9460697971
22141,113.26120418
22148,81.9304514391
22155,88.2404229218
22162,134.837135409
22169,99.4042186218
22176,98.4334537783
22183,98.4334537783
22190,79.3417451899
22197,97.1391006537
22204,97.1391006537
22211,87.4314522189
22218,87.4314522189
22225,111.538779165
22232,115.421838539
22239,94.3886002638
22246,125.559291838
22253,111.538779165
22260,111.538779165
22267,110.891602603
22274,115.907220961
22281,115.907220961
22288,115.907220961
22295,84.0976965209
22302,124.967692833
22309,154.680504168
22316,126.423840099
22323,86.622481516
22330,91.6380998739
22337,91.6380998739
22344,91.6380998739
22351,91.6380998739
22358,98.5952479189
22365,105.552395964
22372,85.579392773
22379,84.1955694073
22386,84.1955694073
22393,95.3593651073
22400,95.3593651073
22407,85.4899225319
22414,85.4899225319
22421,85.4899225319
22428,85.4899225319
22435,85.4899225319
22442,85.4899225319
22449,170.050947523
22456,79.8271276116
22463,98.2716596377
22470,98.2716596377
22477,98.2716596377
22484,160.077021339
22491,160.077021339
22498,93.9032178421
22505,93.9032178421
22512,83.7101869855
22519,105.067013542
22526,147.886883238
22533,98.1098654971
22540,98.1098654971
22547,98.1098654971
22554,100.860365887
22561,95.844747529
22568,95.844747529
22575,97.786277216
22582,97.786277216
22589,159.6978555
22596,159.6978555
22603,109.759043619
22610,109.759043619
22617,94.0650119826
22624,94.0650119826
22631,-133.704576425
22638,115.907220961
22645,115.907220961
22652,138.881988923
22659,92.9914730717
22666,152.093530893
22673,152.093530893
22680,152.902501596
22687,152.902501596
22694,119.557961537
22701,95.0357768261
22708,95.0357768261
22715,110.406220181
22722,110.406220181
22729,117.686956507
22736,101.022160028
22743,101.83113073
22750,101.83113073
22757,85.3281283913
22764,129.602412378
22771,107.493925651
22778,107.493925651
22785,96.0065416696
22792,136.884881678
22799,110.406220181
22806,89.8583643276
22813,128.203575645
22820,150.045784623
22827,150.045784623
22834,96.1683358102
22841,100.698571746
22848,148.5340598
22855,97.4626889348
22862,92.6088647174
22869,92.6088647174
22876,102.154719012
22883,102.801895574
22890,102.801895574
22897,148.046944404
22904,106.846749088
22911,103.772660417
22918,121.731810022
22925,121.084633459
22932,119.952074475
22939,114.127485415
22946,114.127485415
22953,113.480308852
22960,124.158722131
22967,110.406220181
22974,110.406220181
22981,110.406220181
22988,137.749429939
22995,137.749429939
23002,137.749429939
23009,137.749429939
23016,137.749429939
23023,137.91122408
23030,137.91122408
23037,138.881988923
23044,138.881988923
23051,138.881988923
23058,96.0065416696
23065,100.536777606
23072,120.113868616
23079,111.862367446
23086,120.437456897
23093,105.714190104
23100,110.244426041
23107,101.992924871
23114,101.992924871
23121,155.061402981
23128,125.938457677
23135,125.938457677
23142,131.439458457
23149,131.439458457
23156,140.985312751
23163,93.9032178421
23170,88.0786287812
23177,136.131488533
23184,136.131488533
23191,136.131488533
23198,88.2404229218
23205,93.2560412797
23212,99.5660127624
23219,99.5660127624
23226,83.7101869855
23233,86.4606873754
23240,118.657721351
23247,115.098250258
23254,115.098250258
23261,115.098250258
23268,115.098250258
23275,115.098250258
23282,123.026163146
23289,118.819515491
23296,155.546785403
23303,120.761045178
23310,120.761045178
23317,120.761045178
23324,121.570015881
23331,121.570015881
23338,121.570015881
23345,94.8739826855
23352,123.511545568
23359,123.511545568
23366,121.084633459
23373,123.026163146
23380,123.026163146
23387,123.026163146
23394,123.026163146
23401,125.453075255
23408,112.185955728
23415,104.905219401
23422,126.423840099
23429,133.380988144
23436,133.057399862
23443,144.544783844
23450,146.268941832
23457,138.881988923
23464,110.891602603
23471,94.0094344246
23478,98.1076680109
23485,96.0065416696
23492,107.168139883
23499,107.168139883
23506,100.858168401
23513,93.9010203558
23520,128.201378159
23527,128.201378159
23534,115.851643403
23541,115.851643403
23548,124.103144572
23555,96.4919240913
23562,96.4919240913
23569,96.4919240913
23576,104.255845353
23583,114.719084419
23590,114.719084419
23597,110.997819185
23604,106.199572526
23611,100.157611767
23618,104.686114729
23625,104.524320588
23632,107.276553952
23639,107.276553952
23646,107.276553952
23653,117.95496723
23660,112.939348872
23667,108.302896354
23674,118.116761371
23681,114.555557304
23688,101.992924871
23695,123.779556291
23702,99.0806303406
23709,91.0954069201
23716,108.138904727
23723,121.408221741
23730,124.103144572
23737,121.190850042
23744,127.822676832
23751,113.803897133
23758,125.557558864
23765,105.873786759
23772,105.773210177
23779,100.536777606
23786,101.922400214
23793,82.9651375369
23800,104.200732307
23807,92.770658858
23814,114.555557304
23821,101.12837661
23828,98.9188362
23835,97.7306996579
23842,99.1445515949
23849,135.322517831
23856,102.478307293
23863,102.478307293
23870,102.478307293
23877,115.098250258
23884,115.098250258
23891,127.177233243
23898,101.83113073
23905,117.525162367
23912,136.399499257
23919,136.399499257
23926,136.399499257
23933,136.399499257
23940,116.875788318
23947,118.9239991
23954,127.662615665
23961,109.435455338
23968,96.4919240913
23975,112.128645195
23982,136.075910975
23989,123.941350432
23996,122.301439686
24003,110.406220181
24010,110.406220181
24017,103.772660417
24024,103.772660417
24031,104.504084222
24038,111.376985025
24045,134.45796957
24052,138.879791437
24059,118.819515491
24066,63.1601336456
24073,63.1601336456
24080,135.590528554
24087,77.8132740251
24094,104.0187018
24101,89.3006580063
24108,161.371374464
24115,115.204466841
24122,138.07301822
24129,99.4042186218
24136,157.918119954
24143,149.990207065
24150,98.7570420595
24157,136.723087538
24164,156.460239714
24171,149.990207065
24178,175.715475417
24185,116.982469413
24192,153.062562762
24199,129.071566421
24206,93.9874650845
24213,156.94735511
24220,156.94735511
24227,108.462493008
24234,149.23681392
24241,156.623766829
24248,156.623766829
24255,154.520443001
24262,159.212473078
24269,159.212473078
24276,169.405503935
24283,153.873266439
24290,153.873266439
24297,162.61015003
24304,149.343030503
24311,177.818799245
24318,191.085918773
24325,154.844031283
24332,163.904503155
24339,158.727090657
24346,168.596533232
24353,91.2421876933
24360,95.3593651073
24367,114.880878559
24374,93.5223190288
24381,61.4416156586
24388,69.0711674402
24395,69.0711674402
24402,61.865780521
24409,58.2106340281
24416,97.0835230956
24423,89.4774655143
24430,89.4774655143
24437,82.7372246558
24444,82.7372246558
24451,82.7372246558
24458,98.431256292
24465,50.9554466889
24472,50.9554466889
24479,106.952965671
24486,106.952965671
24493,90.0840797224
24500,88.5067006708
24507,65.9718515948
24514,65.9718515948
24521,78.6389910695
24528,54.1608793325
24535,111.966851055
24542,89.4320019789
24549,91.0954069201
24556,108.732701217
24563,108.732701217
24570,96.1127582521
24577,77.8132740251
24584,139.690959626
24591,58.6911152687
24598,58.6911152687
24605,98.0542879391
24612,60.0159185613
24619,94.4948168463
24626,80.5382254282
24633,95.0357768261
24640,105.496818406
24647,80.0934053606
24654,76.5189209005
24661,60.8248892642
24668,60.8248892642
24675,60.8248892642
24682,90.4332169904
24689,100.213189325
24696,88.9920830925
24703,73.029576221
24710,73.029576221
24717,73.029576221
24724,70.5020875311
24731,79.0181569087
24738,85.4899225319
24745,102.316513152
24752,93.7414237015
24759,64.7802725377
24766,75.1941176079
24773,96.1127582521
24780,96.1127582521
24787,79.6631359848
24794,106.62937739
24801,106.62937739
24808,106.62937739
24815,106.62937739
24822,106.62937739
24829,106.62937739
24836,98.9166387138
24843,96.7599348144
24850,75.9418707514
24857,120.437456897
24864,120.437456897
24871,89.696570187
24878,100.210991838
24885,119.249320355
24892,131.277664316
24899,131.277664316
24906,106.627644416
24913,110.0826319
24920,114.395496138
24927,84.9066672238
24934,96.1661383239
24941,130.574910196
24948,126.044674259
24955,105.552395964
24962,105.552395964
24969,112.939348872
24976,103.287277996
24983,144.866174639
24990,3.45809577159
24997,139.958970349
25004,145.030166265
25011,146.590797139
25018,101.775553172
25025,101.775553172
25032,119.08579324
25039,108.245585822
25046,116.175231684
25053,119.952074475
25060,105.064816056
25067,62.6046248106
25074,113.101143013
25081,122.301439686
25088,116.820675272
25095,114.233701997
25102,112.775821758
25109,104.903021915
25116,136.561293397
25123,140.014547907
25130,140.014547907
25137,140.014547907
25144,88.304344176
25151,80.3764312876
25158,125.559291838
25165,125.559291838
25172,103.934454558
25179,103.934454558
25186,101.828933244
25193,142.060561203
25200,114.936456117
25207,134.349555501
25214,101.59701269
25221,125.614869396
25228,117.848750648
25235,142.603254157
25242,154.844031283
25249,154.844031283
25256,121.731810022
25263,137.530325267
25270,129.278824097
25277,125.233970582
25284,131.058559643
25291,126.691850822
25298,134.941619017
25305,81.0439338431
25312,81.0439338431
25319,111.481468633
25326,70.2812733174
25333,68.3397436304
25340,67.3667813007
25347,107.33213151
25354,78.80078521
25361,90.1797551225
25368,90.1797551225
25375,78.4771969289
25382,78.4771969289
25389,48.204946299
25396,61.2847226992
25403,61.2847226992
25410,68.1757520036
25417,72.0036983316
25424,81.8276773717
25431,157.270943391
25438,77.3446379448
25445,68.3397436304
25452,76.8592555231
25459,65.1016633326
25466,77.3446379448
25473,68.013957863
25480,98.9827574543
25487,152.958079154
25494,93.7392262152
25501,125.350301188
25508,90.9353457535
25515,131.058559643
25522,53.8421922325
25529,131.760849252
25536,153.226089877
25543,143.088636578
25550,57.4973387253
25557,104.686114729
25564,164.228091436
25571,157.324323463
25578,55.8793973195
25585,121.999820745
25592,146.322321904
25599,156.136651433
25606,170.699857059
25613,170.699857059
25620,152.698412127
25627,95.3020545752
25634,141.470695173
25641,113.746586601
25648,98.7570420595
25655,98.7570420595
25662,166.653270571
25669,114.289279555
25676,114.289279555
25683,121.821280263
25690,121.821280263
25697,121.821280263
25704,45.1053086412
25711,29.8305406861
25718,29.8305406861
25725,161.799446354
25732,75.1350975348
25739,75.1350975348
25746,124.965495347
25753,140.929735193
25760,134.134381288
25767,134.134381288
25774,201.600804936
25781,144.382989703
25788,106.93621933
25795,144.651000426
25802,133.380988144
25809,138.177501829
25816,173.125036194
25823,190.332525628
25830,165.36065042
25837,217.942013135
25844,217.942013135
25851,217.942013135
25858,127.782114478
25865,122.470256068
25872,181.433847896
25879,124.320516271
25886,228.135043991
25893,121.659486122
25900,230.078306652
25907,209.366923684
25914,129.495731283
25921,131.763046738
25928,148.751431499
25935,197.234096115
25942,190.113420955
25949,190.113420955
25956,213.089921891
25963,170.052680497
25970,123.835133849
25977,114.61067035
25984,114.61067035
25991,114.61067035
25998,114.61067035
26005,153.928843997
26012,178.949625255
26019,182.996211744
26026,182.996211744
26033,108.788278775
26040,114.125287928
26047,99.0806303406
26054,133.323677611
26061,117.291044327
26068,117.291044327
26075,181.701858619
26082,93.8004437746
26089,103.772660417
26096,126.366529567
26103,178.140654552
26110,178.140654552
26117,192.540333064
26124,176.037330725
26131,162.123034635
26138,159.372534245
26145,164.388152603
26152,132.170882266
26159,127.000492004
26166,120.688721279
26173,107.583395892
26180,165.092639697
26187,161.371374464
26194,122.468456825
26201,157.432737532
26208,121.567818395
26215,121.567818395
26222,141.632489313
26229,161.371374464
26236,161.371374464
26243,148.10205745
26250,124.217742204
26257,163.580914874
26264,100.213189325
26271,137.692119407
26278,137.692119407
26285,159.374267219
26292,139.310060813
26299,111.759593379
26306,99.3063457355
26313,124.158722131
26320,197.234096115
26327,106.523160807
26334,115.743229334
26341,102.801895574
26348,169.890886357
26355,162.124767609
26362,112.024161587
26369,124.426732854
26376,93.0942471392
26383,135.548233225
26390,165.36065042
26397,69.7403133376
26404,74.7559316955
26411,71.3582547434
26418,95.6106294889
26425,95.6106294889
26432,95.6106294889
26439,74.385146905
26446,95.357167621
26453,110.836025045
26460,104.849641843
26467,101.288437777
26474,98.5952479189
26481,89.2111877652
26488,107.436615119
26495,107.436615119
26502,96.1683358102
26509,97.9480713566
26516,80.533324247
26523,103.877144026
26530,106.79117153
26537,106.79117153
26544,116.497086991
26551,116.497086991
26558,114.879145585
26565,114.071907856
26572,111.644995748
26579,111.644995748
26586,126.90922252
26593,126.90922252
26600,126.90922252
26607,69.7235669961
26614,94.0628144964
26621,108.247318796
26628,86.134901608
26635,103.878877
26642,99.4042186218
26649,99.4042186218
26656,97.6244830754
26663,97.6244830754
26670,63.5921359955
26677,94.2268061232
26684,94.2268061232
26691,96.3279324645
26698,96.3279324645
26705,96.3279324645
26712,108.085524655
26719,85.0958095935
26726,85.0958095935
26733,85.0023426239
26740,104.200732307
26747,107.114759812
26754,80.533324247
26761,97.4626889348
26768,61.4720658266
26775,77.7877250383
26782,91.9616881551
26789,110.350642623
26796,96.3279324645
26803,108.247318796
26810,103.068173323
26817,110.51070379
26824,99.5660127624
26831,104.364259422
26838,111.159613326
26845,100.051395184
26852,95.6807559022
26859,90.3437467493
26866,110.188848483
26873,71.1541652745
26880,108.083791681
26887,111.483201607
26894,114.233701997
26901,101.937347313
26908,101.937347313
26915,102.478307293
26922,102.478307293
26929,102.478307293
26936,102.478307293
26943,75.6795000296
26950,109.054556524
26957,108.730968243
26964,108.730968243
26971,110.188848483
26978,82.2540397203
26985,82.2540397203
26992,103.934454558
26999,88.6684948114
27006,92.0459354025
27013,108.624287149
27020,94.2268061232
27027,94.2268061232
27034,94.2268061232
27041,138.664617225
27048,138.664617225
27055,138.664617225
27062,144.00209089
27069,134.45796957
27076,107.817513932
27083,140.12076449
27090,103.287277996
27097,131.543942065
27104,131.543942065
27111,112.615760591
27118,133.866370565
27125,124.910382301
27132,74.2538029324
27139,74.2538029324
27146,115.040939726
27153,122.702574865
27160,142.224088317
27167,109.54167192
27174,104.41983698
27181,96.5981406738
27188,79.8249301254
27195,79.9889217522
27202,103.878877
27209,129.604145352
27216,103.287277996
27223,140.014547907
27230,119.411114496
27237,102.640101433
27244,102.744585042
27251,102.744585042
27258,120.220085199
27265,118.010544788
27272,125.129486974
27279,125.129486974
27286,125.129486974
27293,129.012546348
27300,114.289279555
27307,137.102253377
27314,137.102253377
27321,64.1921160484
27328,64.1921160484
27335,124.264938713
27342,146.648107671
27349,149.722196342
27356,80.4743041739
27363,142.603254157
27370,118.819515491
27377,110.244426041
27384,95.5211592479
27391,95.5211592479
27398,111.053396744
27405,111.053396744
27412,89.8583643276
27419,97.4604914486
27426,95.0357768261
27433,127.986203946
27440,86.5519568587
27447,116.337025825
27454,94.8034580283
27461,69.0763904338
27468,70.2089494179
27475,122.604701979
27482,106.425287921
27489,112.573465263
27496,79.7548037121
27503,83.1524806643
27510,-104.994689643
27517,104.994689643
27524,117.95496723
27531,138.50109011
27538,128.633380509
27545,63.7371837947
27552,166.063404541
27559,163.312904151
27566,108.302896354
27573,135.103413158
27580,128.471586368
27587,116.390405896
27594,121.189117068
27601,164.92864807
27608,164.92864807
27615,76.1953326193
27622,156.677146901
27629,105.454523077
27636,124.426732854
27643,160.506826203
27650,138.234812361
27657,121.408221741
27664,144.003823864
27671,144.003823864
27678,142.545943625
27685,94.1289332369
27692,125.557558864
27699,150.207578764
27706,155.384991262
27713,99.326671717
27720,93.1532672123
27727,134.349555501
27734,113.803897133
27741,113.803897133
27748,99.6722293449
27755,106.037778386
27762,103.555288719
27769,103.555288719
27776,87.5209224599
27783,87.5209224599
27790,124.805898693
27797,117.95496723
27804,117.95496723
27811,73.9302146512
27818,73.9302146512
27825,103.44687465
27832,165.522444561
27839,118.819515491
27846,117.45463771
27853,132.354645742
27860,150.797444794
27867,98.0542879391
27874,99.1868469231
27881,141.2515905
27888,104.023924799
27895,119.896496917
27902,144.974588707
27909,154.682237142
27916,142.924644952
27923,128.848554721
27930,128.848554721
27937,158.727090657
27944,137.046675819
27951,89.1084136978
27958,141.470695173
27965,140.444352771
27972,136.235972142
27979,148.425645731
27986,158.888884797
27993,134.781557851
28000,146.969498466
28007,110.025321368
28014,110.025321368
28021,145.459971129
28028,119.464494567
28035,138.502823084
28042,98.032318604
28049,133.648998867
28056,143.354914327
28063,143.354914327
28070,127.394604942
28077,105.798437347
28084,117.039779945
28091,147.239706675
28098,134.349555501
28105,121.893604162
28112,121.893604162
28119,121.893604162
28126,131.924840878
28133,131.924840878
28140,131.924840878
28147,131.924840878
28154,120.688721279
28161,121.654263129
28168,110.997819185
28175,154.090638138
28182,173.286830335
28189,173.286830335
28196,122.161614885
28203,143.088636578
28210,143.088636578
28217,141.091529333
28224,141.091529333
28231,144.866174639
28238,115.419641053
28245,119.572908636
28252,119.572908636
28259,119.572908636
28266,123.45596801
28273,116.390405896
28280,112.021964101
28287,164.443265649
28294,161.371374464
28301,187.850035961
28308,152.417119174
28315,109.054556524
28322,147.401500816
28329,145.677342828
28336,109.378144806
28343,88.4916873034
28350,57.2398691847
28357,112.992728944
28364,112.992728944
28371,112.992728944
28378,35.4955330927
28385,103.022709788
28392,103.022709788
28399,100.464453706
28406,100.464453706
28413,162.018551026
28420,151.122766049
28427,124.644104552
28434,124.644104552
28441,147.077912535
28448,126.042941285
28455,113.316317225
28462,113.316317225
28469,100.53458012
28476,100.53458012
28483,100.53458012
28490,100.53458012
28497,100.53458012
28504,100.53458012
28511,117.684759021
28518,142.060561203
28525,121.567818395
28532,133.970854174
28539,133.970854174
28546,112.671338149
28553,128.633380509
28560,143.354914327
28567,101.288437777
28574,117.467851835
28581,136.559560423
28588,104.524320588
28595,145.943620577
28602,176.360919006
28609,153.871533465
28616,142.869531906
28623,163.255593619
28630,110.67249793
28637,121.67449949
28644,129.602412378
28651,129.602412378
28658,129.602412378
28665,129.602412378
28672,129.602412378
28679,-129.602412378
28686,129.602412378
28693,140.442619797
28700,150.635650654
28707,157.431004558
28714,119.571175662
28721,132.676501049
28728,137.853913548
28735,110.51070379
28742,110.67249793
28749,143.354914327
28756,143.354914327
28763,165.682505727
28770,121.67449949
28777,121.67449949
28784,121.67449949
28791,121.67449949
28798,138.177501829
28805,138.177501829
28812,138.177501829
28819,93.3605248882
28826,93.3605248882
28833,124.910382301
28840,112.671338149
28847,107.276553952
28854,191.245979939
28861,129.117029956
28868,114.879145585
28875,150.312062372
28882,132.83829519
28889,128.793441675
28896,110.187115509
28903,114.231969023
28910,114.231969023
28917,114.879145585
28924,176.846301427
28931,176.846301427
28938,144.16388503
28945,138.50109011
28952,111.700573306
28959,129.764206519
28966,98.4924738514
28973,98.8615256679
28980,111.157880352
28987,53.2906910702
28994,108.730968243
29001,109.918640273
29008,114.879145585
29015,132.676501049
29022,121.029055901
29029,99.3469080897
29036,128.633380509
29043,110.729808462
29050,130.954076035
29057,98.0070914297
29064,131.763046738
29071,118.116761371
29078,111.700573306
29085,92.3442965094
29092,154.682237142
29099,154.682237142
29106,154.682237142
29113,139.471854953
29120,72.3122732454
29127,123.673339709
29134,86.2265693353
29141,109.435455338
29148,146.916118394
29155,146.916118394
29162,146.916118394
29169,146.107147691
29176,123.185759801
29183,92.9963742528
29190,92.9963742528
29197,122.321676052
29204,122.321676052
29211,124.264938713
29218,130.898498477
29225,112.11543107
29232,120.27346527
29239,79.4312154309
29246,133.704576425
29253,96.8794336268
29260,96.8794336268
29267,155.005825423
29274,131.220353784
29281,122.217192444
29288,122.923389079
29295,122.923389079
29302,122.923389079
29309,141.900500036
29316,138.664617225
29323,135.807900252
29330,144.059401422
29337,114.879145585
29344,148.695853941
29351,128.454840027
29358,127.879987364
29365,127.879987364
29372,121.082435973
29379,139.852753767
29386,137.102253377
29393,45.4288969223
29400,64.8864891202
29407,178.626036974
29414,98.1098654971
29421,64.8441937919
29428,64.8441937919
29435,153.605255716
29442,153.605255716
29449,135.484311971
29456,143.356647301
29463,144.651000426
29470,159.536061359
29477,147.077912535
29484,154.682237142
29491,95.6807559022
29498,95.6807559022
29505,95.6807559022
29512,95.6807559022
29519,95.6807559022
29526,95.6807559022
29533,95.6807559022
29540,142.117871735
29547,125.938457677
29554,125.938457677
29561,85.4899225319
29568,84.0337752667
29575,84.0337752667
29582,104.317062912
29589,182.0254469
29596,139.958970349
29603,170.214474638
29610,170.214474638
29617,190.332525628
29624,139.780429867
29631,112.411671122
29638,151.931736752
29645,151.931736752
29652,128.527163926
29659,157.107416277
29666,157.107416277
29673,161.961240494
29680,120.867261761
29687,185.099535571
29694,147.239706675
29701,162.503933448
29708,162.503933448
29715,162.503933448
29722,150.637383628
29729,82.505304102
29736,82.505304102
29743,120.922839319
29750,15.9184420825
29757,91.5825223159
29764,108.409112936
29771,134.61976371
29778,108.247318796
29785,104.040671141
29792,104.202465281
29799,103.555288719
29806,103.555288719
29813,125.397497697
29820,110.350642623
29827,111.483201607
29834,106.143994968
29841,106.143994968
29848,101.613759032
29855,112.13037817
29862,99.6722293449
29869,125.882880119
29876,99.6722293449
29883,117.145996527
29890,95.4655816898
29897,95.4655816898
29904,96.7599348144
29911,102.260935594
29918,102.260935594
29925,102.260935594
29932,102.260935594
29939,91.3987588286
29946,101.773820198
29953,104.526053562
29960,68.5910080121
29967,108.894495358
29974,108.894495358
29981,108.894495358
29988,108.570907077
29995,109.378144806
30002,88.2382254355
30009,102.154719012
30016,95.8425500428
30023,100.698571746
30030,99.7278069029
30037,93.0942471392
30044,100.210991838
30051,100.210991838
30058,85.548942605
30065,110.51070379
30072,74.0615586238
30079,116.337025825
30086,98.5930504326
30093,98.5930504326
30100,110.025321368
30107,104.905219401
30114,69.5617728556
30121,111.806789888
30128,100.536777606
30135,112.453966451
30142,112.453966451
30149,104.524320588
30156,112.290439336
30163,73.7684205107
30170,110.188848483
30177,109.218083639
30184,109.218083639
30191,109.218083639
30198,105.658612546
30205,95.357167621
30212,98.1076680109
30219,116.822408246
30226,116.822408246
30233,116.822408246
30240,116.822408246
30247,116.822408246
30254,116.822408246
30261,110.997819185
30268,110.188848483
30275,109.703466061
30282,109.37987778
30289,106.142261994
30296,97.1391006537
30303,97.1391006537
30310,104.362526448
30317,104.362526448
30324,94.3864027775
30331,110.350642623
30338,82.9602363557
30345,79.2694212904
30352,93.5774320747
30359,89.0493936247
30366,116.175231684
30373,116.175231684
30380,116.175231684
30387,101.345748309
30394,94.4476203369
30401,121.190850042
30408,121.190850042
30415,105.773210177
30422,100.804788329
30429,143.194853161
30436,82.6670982425
30443,118.33413307
30450,104.41983698
30457,74.7087351861
30464,149.504824644
30471,109.920837759
30478,124.156524644
30485,103.125483855
30492,159.6978555
30499,117.95496723
30506,111.86016996
30513,105.333291291
30520,96.8155123725
30527,116.230809242
30534,134.45796957
30541,121.514438323
30548,103.189405109
30555,107.17033737
30562,107.17033737
30569,105.658612546
30576,105.658612546
30583,122.970585588
30590,122.970585588
30597,125.614869396
30604,125.614869396
30611,119.788082849
30618,121.567818395
30625,86.2265693353
30632,133.648998867
30639,77.1660974628
30646,76.1697836325
30653,133.647265893
30660,96.4919240913
30667,71.9582347963
30674,104.579433634
30681,112.13037817
30688,132.029324487
30695,134.675341268
30702,126.508087341
30709,114.719084419
30716,120.541940506
30723,119.304897913
30730,80.1485184065
30737,104.417639494
30744,104.417639494
30751,104.417639494
30758,108.786081289
30765,98.9166387138
30772,82.9651375369
30779,88.4000195761
30786,105.064816056
30793,67.9438314498
30800,95.7672006309
30807,100.860365887
30814,100.860365887
30821,100.860365887
30828,94.8184051275
30835,96.8155123725
30842,87.7528430138
30849,105.495085432
30856,78.2069887196
30863,75.0323234673
30870,103.934454558
30877,108.085524655
30884,91.1527174522
30891,110.67249793
30898,94.224608637
30905,94.224608637
30912,108.892762384
30919,91.4741082471
30926,99.7278069029
30933,77.6514798846
30940,77.6514798846
30947,106.79117153
30954,101.990727385
30961,108.732701217
30968,78.9202840224
30975,69.1487143333
30982,69.1487143333
30989,105.173230125
30996,105.173230125
31003,71.5033025425
31010,71.5033025425
31017,-71.5033025425
31024,93.2560412797
31031,93.2560412797
31038,111.806789888
31045,112.671338149
31052,105.818673713
31059,90.1797551225
31066,119.411114496
31073,119.411114496
31080,84.3551660616
31087,84.3551660616
31094,86.6202840297
31101,97.9480713566
31108,104.096248699
31115,108.892762384
31122,92.0679047376
31129,92.0679047376
31136,106.627644416
31143,83.5461953587
31150,85.3281283913
31157,96.0043441833
31164,72.7976556672
31171,92.1212848094
31178,107.598409259
31185,112.29217231
31192,146.486313531
31199,146.486313531
31206,148.694120967
31213,143.354914327
31220,129.604145352
31227,134.834937923
31234,119.140906286
31241,147.725089097
31248,145.62176527
31255,162.124767609
31262,129.582176012
31269,114.864132218
31276,114.864132218
31283,149.181236362
31290,149.181236362
31297,149.181236362
31304,162.01635354
31311,162.123034635
31318,144.868372125
31325,155.814796126
31332,155.814796126
31339,104.34751308
31346,163.257326593
31353,170.538062919
31360,147.239706675
31367,135.266940272
31374,135.266940272
31381,117.039779945
31388,115.040939726
31395,115.040939726
31402,115.040939726
31409,115.040939726
31416,125.233970582
31423,137.208469959
31430,113.480308852
31437,127.175500269
31444,153.226089877
31451,153.226089877
31458,137.208469959
31465,137.208469959
31472,117.525162367
31479,78.1368623063
31486,139.957237375
31493,147.725089097
31500,133.809060033
31507,124.101411598
31514,103.993474631
31521,103.993474631
31528,127.177233243
31535,118.172338929
31542,169.567298075
31549,169.567298075
31556,125.721085978
31563,66.1640959034
31570,105.228807683
31577,130.24958894
31584,124.912115275
31591,124.912115275
31598,99.171899824
31605,114.125287928
31612,117.201574086
31619,86.8481969108
31626,133.163616445
31633,132.572017441
31640,129.604145352
31647,115.419641053
31654,66.1640959034
31661,66.1640959034
31668,134.349555501
31675,144.327412145
31682,132.494470543
31689,84.193371921
31696,103.608668791
31703,122.055398303
31710,122.055398303
31717,123.29417387
31724,123.29417387
31731,153.226089877
31738,101.591789685
31745,61.310271686
31752,61.310271686
31759,113.154523085
31766,146.916118394
31773,127.232810802
31780,93.7392262152
31787,127.177233243
31794,145.945353551
31801,122.646997307
31808,80.4019802744
31815,80.4019802744
31822,123.777823317
31829,123.777823317
31836,123.777823317
31843,111.69837582
31850,109.759043619
31857,107.817513932
31864,107.817513932
31871,112.509544009
31878,101.758806831
31885,101.758806831
31892,134.02596722
31899,137.855646522
31906,137.855646522
31913,100.858168401
31920,108.141102213
31927,114.393763164
31934,123.347553941
31941,88.0213182491
31948,56.294653328
31955,56.294653328
31962,56.294653328
31969,56.294653328
31976,56.294653328
31983,96.921728955
31990,90.1263750506
31997,-2.52828742987
32004,88.832021926
32011,88.832021926
32018,-4.79120791175
32025,-4.79120791175
32032,78.2069887196
32039,79.9889217522
32046,80.3125100333
32053,84.6236412969
32060,65.9718515948
32067,-9.55376264578
32074,90.6117574724
32081,12.8421559252
32088,94.1712285651
32095,79.177753563
32102,84.3573635478
32109,83.3292881722
32116,83.3292881722
32123,89.8027867695
32130,73.1160209497
32137,73.1160209497
32144,84.3573635478
32151,90.773551613
32158,79.8271276116
32165,79.8271276116
32172,91.0954069201
32179,88.3449065302
32186,26.5412778027
32193,26.5412778027
32200,91.906110597
32207,82.4158338609
32214,59.8285754339
32221,85.1663342507
32228,86.890492239
32235,86.890492239
32242,86.890492239
32249,92.5532871593
32256,85.2708178592
32263,88.5067006708
32270,81.606863158
32277,82.1984621622
32284,97.0835230956
32291,99.1851139491
32298,62.8977629238
32305,91.7443164564
32312,91.7443164564
32319,28.602306302
32326,28.602306302
32333,133.378790657
32340,119.788082849
32347,102.476109807
32354,102.476109807
32361,102.476109807
32368,75.3863619164
32375,105.333291291
32382,84.1399918492
32389,104.202465281
32396,132.825081065
32403,94.4948168463
32410,106.465850275
32417,103.610866277
32424,103.610866277
32431,103.610866277
32438,93.0386695811
32445,134.781557851
32452,78.3154027883
32459,120.220085199
32466,90.4499633318
32473,90.4499633318
32480,119.08579324
32487,119.08579324
32494,74.0615586238
32501,74.0615586238
32508,74.0615586238
32515,74.0615586238
32522,74.0615586238
32529,92.0679047376
32536,113.748319575
32543,113.748319575
32550,113.748319575
32557,113.748319575
32564,119.894763943
32571,100.481200048
32578,108.570907077
32585,69.5362238687
32592,69.5362238687
32599,95.4655816898
32606,95.4655816898
32613,114.719084419
32620,114.719084419
32627,114.719084419
32634,94.0094344246
32641,94.0094344246
32648,86.5449346178
32655,113.746586601
32662,81.7130797405
32669,146.592530113
32676,81.5495526259
32683,76.9738531543
32690,76.9738531543
32697,37.8245723151
32704,62.7664189512
32711,62.7664189512
32718,62.7664189512
32725,62.7664189512
32732,105.980467853
32739,118.418380312
32746,102.422729735
32753,87.9146371543
32760,75.2968916754
32767,101.12837661
32774,101.12837661
32781,89.8583643276
32788,43.0275338004
32795,43.0275338004
32802,41.0860041135
32809,95.6256428563
32816,84.947229578
32823,84.947229578
32830,92.5532871593
32837,140.606146912
32844,90.7718186389
32851,92.2279659041
32858,102.906379182
32865,102.906379182
32872,85.8113133268
32879,49.6306433962
32886,143.518441442
32893,103.125483855
32900,101.345748309
32907,108.083791681
32914,126.042941285
32921,106.467583249
32928,100.966582469
32935,102.316513152
32942,112.99492643
32949,148.372265659
32956,148.372265659
32963,148.372265659
32970,97.1369031674
32977,111.053396744
32984,103.863929901
32991,122.161614885
32998,104.847908869
33005,90.9133764135
33012,90.9133764135
33019,90.9133764135
33026,114.233701997
33033,99.5660127624
33040,100.78984123
33047,105.173230125
33054,92.5313178243
33061,90.1819526087
33068,90.1819526087
33075,109.701733087
33082,109.701733087
33089,109.701733087
33096,124.158722131
33103,104.202465281
33110,100.641261214
33117,102.584523875
33124,106.952965671
33131,152.738974481
33138,77.3446379448
33145,102.640101433
33152,79.2694212904
33159,79.2694212904
33166,79.2694212904
33173,134.296175429
33180,149.560402202
33187,149.560402202
33194,107.761936374
33201,115.851643403
33208,134.837135409
33215,65.0482832607
33222,65.0482832607
33229,65.0482832607
33236,100.964849495
33243,100.964849495