[510,
 1044,
 2043,
 2073,
 2139,
 104199,
 100970,
 100972,
 101049,
 101094,
 101420,
 101456,
 101467,
 101541,
 3549,
 3565,
 102385,
 5174,
 5192,
 103944,
 103946,
 104245,
 104251,
 104267,
 6161,
 6168,
 6617,
 6620,
 6652,
 7048,
 7275,
 8843,
 10978,
 11995,
 7543,
 111137,
 111212,
 13196,
 111591,
 111614,
 111618,
 111666,
 112715,
 112717,
 112757,
 112937,
 112970,
 113071,
 113138,
 113176,
 113225,
 113226,
 113315,
 113341,
 113376,
 113402,
 114109,
 115234,
 115241,
 115388,
 115476,
 115500,
 115508,
 115509,
 115512,
 115518,
 115521,
 115532,
 115548,
 115552,
 115559,
 115565,
 115575,
 115576,
 115587,
 115589,
 115593,
 115597,
 115603,
 115625,
 115632,
 115642,
 115645,
 115661,
 115693,
 115698,
 115702,
 115712,
 115744,
 115751,
 115755,
 115771,
 115775,
 115777,
 115779,
 115836,
 115865,
 115894,
 115960,
 115962,
 116094,
 116117,
 116156,
 116258,
 116348,
 116375,
 116406,
 116441,
 116507,
 116521,
 116530,
 116557,
 116600,
 116682,
 117923,
 118149,
 118192,
 118201,
 118207,
 118273,
 118282,
 118291,
 118299,
 118398,
 118441,
 118455,
 118467,
 118537,
 118548,
 119060,
 119066,
 119115,
 119162,
 119163,
 119166,
 119179,
 119202,
 119217,
 119276,
 119296,
 119298,
 119314,
 119896,
 119998,
 120034,
 7284,
 120506,
 120571,
 120614,
 120620,
 121057,
 121119,
 121148,
 121152,
 121158,
 121164,
 121178,
 121214,
 121235,
 121264,
 121279,
 121309,
 122831,
 122925,
 123071,
 5098]
